4998
4988
4988
4986
4984
4983
4973
4969
4968
4967
4960
4955
4952
4952
4950
4943
4937
4937
4936
4936
4932
4930
4928
4927
4925
4925
4925
4917
4912
4911
4911
4909
4903
4897
4895
4892
4877
4875
4868
4866
4853
4851
4851
4851
4850
4850
4850
4849
4849
4848
4841
4840
4837
4837
4835
4835
4832
4828
4828
4828
4825
4822
4822
4817
4812
4811
4810
4809
4808
4803
4801
4798
4797
4797
4797
4796
4795
4793
4789
4786
4783
4780
4776
4771
4768
4767
4759
4757
4755
4755
4752
4749
4748
4748
4743
4742
4736
4731
4731
4721
4720
4715
4709
4709
4707
4706
4705
4704
4700
4693
4692
4689
4686
4682
4682
4677
4672
4670
4670
4662
4662
4661
4656
4641
4639
4636
4635
4628
4627
4625
4624
4622
4621
4616
4615
4615
4615
4614
4610
4608
4608
4605
4598
4588
4587
4583
4580
4577
4575
4572
4570
4568
4561
4558
4558
4555
4552
4552
4550
4549
4545
4538
4537
4537
4536
4530
4528
4526
4522
4522
4521
4520
4514
4513
4511
4510
4508
4507
4504
4502
4492
4489
4479
4478
4475
4472
4472
4466
4464
4462
4459
4456
4455
4451
4448
4447
4446
4445
4433
4424
4424
4423
4421
4412
4405
4403
4402
4401
4393
4393
4388
4386
4383
4382
4381
4373
4368
4364
4360
4344
4342
4341
4335
4334
4333
4332
4329
4327
4326
4321
4312
4308
4307
4304
4303
4301
4301
4301
4300
4297
4293
4290
4288
4288
4287
4283
4280
4280
4279
4276
4269
4267
4258
4255
4255
4250
4248
4247
4247
4242
4242
4240
4229
4228
4228
4228
4226
4223
4221
4220
4217
4213
4213
4209
4208
4206
4204
4201
4199
4199
4197
4197
4195
4194
4194
4191
4190
4188
4185
4184
4181
4175
4170
4169
4165
4156
4154
4148
4146
4143
4140
4135
4135
4129
4123
4120
4113
4109
4103
4103
4101
4100
4095
4094
4094
4093
4092
4082
4081
4078
4077
4068
4063
4061
4060
4056
4054
4053
4051
4051
4050
4048
4048
4045
4040
4040
4039
4039
4039
4038
4037
4023
4023
4022
4020
4020
4017
4015
4014
4008
4005
4004
3995
3992
3982
3981
3980
3977
3971
3970
3970
3964
3963
3956
3956
3952
3951
3947
3946
3946
3939
3936
3936
3932
3931
3930
3929
3927
3926
3920
3915
3912
3911
3911
3906
3900
3891
3891
3890
3889
3889
3889
3880
3876
3874
3870
3867
3867
3867
3862
3854
3854
3854
3844
3844
3839
3836
3835
3832
3830
3829
3828
3828
3826
3825
3822
3822
3819
3818
3818
3816
3814
3814
3808
3806
3802
3802
3802
3801
3795
3790
3788
3788
3787
3784
3784
3781
3777
3777
3775
3771
3767
3766
3762
3760
3760
3759
3758
3754
3753
3752
3750
3744
3739
3736
3735
3732
3727
3725
3722
3719
3718
3717
3717
3716
3710
3707
3706
3702
3698
3690
3689
3685
3684
3683
3683
3683
3667
3665
3660
3658
3657
3657
3655
3655
3651
3648
3646
3642
3634
3634
3633
3632
3630
3629
3627
3625
3621
3619
3618
3616
3616
3615
3611
3610
3608
3607
3601
3599
3597
3595
3590
3586
3585
3585
3583
3578
3577
3574
3573
3570
3569
3567
3567
3565
3564
3556
3551
3545
3542
3539
3537
3530
3530
3529
3527
3526
3526
3524
3523
3519
3516
3515
3514
3513
3513
3506
3500
3499
3491
3487
3482
3481
3478
3471
3469
3464
3463
3461
3458
3458
3454
3448
3447
3446
3444
3435
3426
3421
3417
3416
3415
3415
3411
3409
3408
3407
3407
3406
3402
3398
3397
3394
3386
3374
3364
3363
3362
3362
3355
3354
3346
3346
3341
3341
3341
3341
3339
3332
3331
3329
3327
3322
3320
3320
3317
3311
3310
3309
3308
3304
3303
3302
3302
3301
3300
3298
3293
3287
3286
3285
3284
3278
3273
3273
3272
3267
3266
3262
3261
3261
3260
3258
3257
3257
3256
3254
3252
3252
3240
3238
3238
3237
3234
3228
3224
3217
3209
3208
3208
3208
3205
3200
3198
3198
3196
3196
3195
3194
3192
3192
3190
3189
3184
3179
3178
3174
3172
3170
3169
3158
3158
3156
3154
3153
3153
3152
3150
3150
3146
3143
3142
3137
3136
3131
3127
3126
3124
3123
3121
3121
3120
3119
3116
3115
3111
3111
3110
3106
3106
3105
3094
3094
3089
3088
3087
3084
3081
3074
3072
3071
3062
3055
3055
3053
3048
3047
3047
3045
3045
3044
3039
3036
3031
3020
3017
3017
3009
3003
2998
2994
2994
2992
2991
2986
2983
2981
2980
2976
2976
2976
2975
2972
2971
2965
2965
2963
2962
2962
2960
2959
2957
2956
2952
2949
2948
2946
2946
2944
2942
2939
2938
2937
2931
2929
2929
2927
2927
2926
2925
2921
2915
2909
2908
2905
2904
2904
2902
2898
2895
2894
2891
2891
2891
2889
2884
2880
2879
2874
2872
2871
2871
2870
2869
2867
2867
2866
2864
2857
2856
2855
2854
2848
2848
2845
2841
2839
2833
2832
2832
2832
2829
2829
2824
2821
2815
2814
2805
2801
2801
2792
2790
2790
2789
2788
2781
2778
2777
2773
2773
2770
2769
2769
2769
2767
2767
2765
2761
2756
2754
2753
2747
2742
2742
2736
2735
2734
2734
2730
2728
2727
2726
2725
2721
2718
2717
2716
2714
2713
2712
2704
2704
2703
2698
2698
2696
2694
2692
2691
2689
2688
2683
2677
2676
2674
2674
2669
2669
2667
2666
2663
2659
2654
2651
2650
2650
2648
2647
2647
2644
2642
2642
2641
2640
2637
2635
2634
2633
2632
2631
2629
2626
2619
2618
2618
2618
2617
2616
2613
2612
2609
2605
2604
2604
2597
2589
2588
2583
2581
2577
2574
2572
2569
2566
2563
2561
2532
2532
2532
2529
2529
2528
2525
2525
2524
2522
2516
2516
2515
2515
2514
2514
2512
2508
2506
2505
2504
2501
2497
2496
2491
2488
2483
2480
2480
2477
2475
2468
2467
2466
2465
2465
2464
2463
2460
2455
2454
2453
2451
2449
2447
2444
2443
2443
2441
2439
2437
2437
2436
2433
2431
2430
2429
2424
2424
2422
2420
2419
2417
2415
2412
2411
2409
2407
2407
2404
2404
2401
2399
2398
2397
2397
2395
2391
2389
2387
2386
2384
2383
2382
2382
2381
2374
2373
2371
2369
2364
2363
2361
2355
2354
2352
2352
2351
2349
2342
2341
2341
2340
2338
2336
2336
2334
2333
2333
2330
2325
2323
2321
2321
2319
2317
2314
2311
2306
2305
2299
2297
2294
2288
2287
2285
2283
2282
2281
2281
2277
2269
2268
2266
2264
2254
2253
2253
2253
2251
2249
2244
2244
2242
2239
2231
2229
2227
2227
2225
2225
2222
2220
2219
2217
2209
2204
2202
2201
2199
2197
2196
2191
2187
2183
2183
2183
2181
2178
2177
2177
2177
2170
2169
2169
2168
2166
2165
2161
2156
2156
2155
2154
2152
2152
2152
2151
2150
2147
2145
2144
2144
2131
2130
2125
2124
2118
2112
2111
2110
2106
2106
2105
2104
2102
2102
2101
2094
2092
2088
2087
2085
2084
2082
2080
2079
2073
2072
2066
2065
2062
2061
2060
2060
2060
2056
2049
2049
2039
2035
2033
2032
2032
2029
2027
2026
2025
2024
2016
2015
2015
2014
2011
2009
2009
2006
2001
2001
1998
1998
1996
1994
1994
1992
1988
1985
1984
1980
1978
1978
1975
1972
1965
1965
1961
1961
1956
1956
1955
1953
1952
1949
1948
1943
1941
1940
1938
1929
1926
1926
1925
1923
1918
1914
1912
1909
1907
1907
1905
1904
1896
1892
1892
1890
1889
1887
1884
1882
1879
1878
1877
1875
1872
1872
1871
1868
1865
1862
1862
1861
1860
1855
1849
1848
1847
1844
1843
1842
1842
1837
1835
1833
1827
1822
1820
1818
1815
1811
1811
1811
1810
1810
1809
1805
1803
1802
1800
1800
1797
1797
1797
1794
1794
1794
1788
1784
1778
1778
1775
1774
1773
1771
1770
1765
1765
1764
1764
1762
1759
1758
1755
1750
1748
1742
1742
1742
1738
1732
1729
1721
1718
1716
1715
1712
1709
1708
1701
1698
1693
1685
1685
1684
1680
1677
1676
1672
1671
1670
1670
1664
1664
1658
1658
1656
1652
1648
1647
1644
1643
1643
1642
1636
1635
1635
1628
1627
1627
1622
1621
1621
1618
1618
1616
1616
1609
1604
1604
1600
1597
1597
1596
1594
1592
1590
1581
1581
1580
1580
1579
1579
1576
1571
1566
1563
1561
1560
1554
1553
1552
1551
1546
1540
1538
1538
1537
1535
1532
1531
1529
1528
1527
1524
1524
1517
1516
1516
1515
1511
1508
1505
1503
1503
1502
1500
1498
1497
1496
1493
1493
1492
1491
1491
1490
1488
1487
1483
1483
1483
1481
1481
1478
1476
1475
1473
1466
1466
1465
1463
1450
1443
1443
1441
1440
1435
1435
1432
1428
1422
1421
1418
1415
1415
1412
1411
1411
1402
1402
1400
1394
1392
1390
1389
1387
1386
1385
1382
1380
1375
1373
1369
1362
1359
1354
1354
1345
1342
1341
1340
1336
1327
1326
1323
1318
1314
1310
1306
1300
1299
1298
1298
1295
1288
1286
1285
1281
1279
1278
1276
1274
1274
1274
1267
1263
1259
1258
1256
1254
1254
1252
1247
1246
1245
1245
1243
1243
1240
1239
1238
1237
1233
1231
1231
1231
1230
1228
1227
1227
1226
1223
1221
1218
1216
1215
1210
1201
1200
1199
1197
1196
1188
1187
1186
1183
1183
1181
1176
1176
1175
1174
1173
1170
1165
1163
1150
1148
1148
1146
1142
1141
1140
1139
1134
1131
1125
1121
1121
1119
1118
1116
1113
1107
1105
1104
1103
1100
1097
1095
1095
1091
1090
1089
1087
1087
1077
1067
1066
1062
1060
1054
1052
1051
1045
1043
1042
1041
1038
1033
1032
1029
1026
1022
1021
1019
1019
1015
1013
1013
1011
1010
1009
1008
1008
1007
1006
1005
1003
1002
1002
1001
999
998
995
995
994
994
993
987
984
982
977
977
976
971
969
968
967
966
964
953
953
951
950
950
947
944
936
931
930
930
929
927
922
920
917
911
907
905
904
904
904
903
901
900
899
898
893
889
889
885
881
881
877
876
875
871
870
856
856
855
854
851
839
833
831
831
831
825
821
819
818
817
815
812
812
811
810
808
808
806
805
801
801
795
793
787
783
782
775
773
771
767
766
765
761
760
760
758
754
754
753
750
747
741
740
740
739
737
727
721
720
720
719
719
718
718
716
712
711
704
704
704
702
702
699
696
694
693
691
689
687
686
683
679
677
677
675
673
664
661
660
655
649
646
642
641
636
635
635
631
630
625
623
622
621
619
616
615
609
605
603
602
599
598
596
592
591
590
588
585
585
583
582
578
578
577
573
572
571
568
566
566
555
555
550
550
549
548
538
537
532
532
524
524
520
518
515
514
510
509
509
508
501
501
499
496
496
493
492
488
487
486
485
482
479
478
477
474
473
471
466
465
462
456
451
449
447
447
447
443
442
440
435
427
425
420
410
410
409
408
407
405
392
379
371
368
366
363
363
359
357
355
352
352
351
349
344
341
341
341
338
336
335
332
332
330
329
323
321
319
316
316
314
311
307
303
298
298
296
286
278
276
276
272
270
267
265
261
261
258
252
250
249
245
243
242
241
240
240
239
237
237
235
235
234
232
224
223
223
219
217
217
214
211
210
210
202
202
197
197
193
180
177
176
176
174
164
163
159
159
155
154
152
152
149
148
148
145
137
136
135
130
130
129
128
127
127
125
123
122
120
120
120
116
111
111
99
98
97
97
95
93
91
90
89
86
86
85
85
83
81
81
73
70
69
68
65
62
54
52
50
48
48
43
38
37
31
29
27
22
19
19
19
18
18
15
15
14
14
13
12
11
10
6
1
