1
4
5
6
10
11
11
12
13
14
14
14
15
15
15
18
18
18
19
19
19
19
19
19
20
20
22
22
23
26
26
27
29
29
31
31
32
32
36
36
37
38
39
41
42
42
43
43
43
43
45
47
47
48
48
48
50
52
52
54
56
58
58
62
64
65
67
67
68
69
70
71
71
71
72
73
75
77
79
81
81
81
83
83
85
85
85
86
86
86
87
87
89
90
90
91
93
93
93
94
95
95
96
97
97
98
99
100
103
104
105
105
109
111
111
112
113
115
116
117
117
118
118
119
120
120
120
122
122
123
125
126
127
127
127
128
128
129
129
130
130
130
132
133
135
136
137
138
139
143
144
145
145
148
148
149
149
152
152
152
152
153
154
154
155
157
158
158
159
159
159
160
160
163
164
165
169
170
170
171
172
173
174
174
176
176
177
180
180
181
182
183
185
187
188
189
191
191
193
194
196
197
197
197
197
200
202
202
204
205
206
207
207
207
207
207
208
210
210
210
211
212
214
214
217
217
218
219
219
222
223
223
224
224
224
224
231
232
234
234
234
235
235
236
237
237
239
240
240
241
241
242
243
244
245
249
250
251
252
252
254
255
255
256
256
258
259
259
260
260
261
261
262
262
264
265
267
270
270
270
272
273
276
276
276
277
278
279
281
282
283
284
284
286
287
290
291
296
296
298
298
300
301
301
301
302
303
305
307
307
307
309
310
310
311
312
312
313
314
315
316
316
319
321
322
323
327
327
328
329
330
332
332
332
335
335
336
337
338
338
338
338
341
341
341
344
347
348
349
349
349
350
351
351
352
352
354
354
355
357
359
360
362
363
363
363
363
363
363
366
366
368
368
369
371
371
375
375
377
378
379
380
382
384
385
392
393
394
395
395
399
400
400
404
405
407
408
408
408
409
410
410
412
412
413
413
417
417
418
420
421
422
424
425
427
428
433
434
434
435
439
440
441
442
443
444
447
447
447
449
449
450
450
450
451
452
452
453
456
456
458
459
462
465
466
466
468
471
471
473
473
473
474
475
476
477
478
479
479
479
479
482
484
485
486
486
487
487
488
488
489
490
492
493
495
496
496
496
498
499
499
499
501
501
501
502
503
506
507
507
508
508
509
509
509
510
510
511
513
514
515
515
517
518
520
523
524
524
524
525
525
528
528
529
531
532
532
532
532
537
538
539
540
541
543
543
544
544
545
548
548
549
549
550
550
550
550
550
552
554
555
555
558
558
558
559
562
564
566
566
566
567
568
570
571
571
572
572
573
575
577
577
578
578
578
582
583
585
585
585
585
585
586
587
587
588
588
588
589
590
591
591
592
594
596
596
596
597
597
598
599
601
602
603
603
605
605
605
606
607
609
612
613
614
614
615
616
617
619
620
620
620
621
621
622
623
625
627
627
628
629
630
631
631
632
632
632
634
634
635
635
635
636
637
638
641
641
641
642
643
643
644
646
646
647
649
651
653
654
655
655
656
656
657
659
659
660
661
662
664
667
668
670
670
672
672
673
675
676
677
677
679
679
681
683
684
684
686
686
686
687
689
689
689
690
690
691
693
693
694
694
694
695
695
695
696
696
696
698
699
701
702
702
704
704
704
707
711
712
712
713
713
715
716
716
716
717
718
718
718
718
718
718
719
719
720
720
720
721
721
721
721
722
723
723
724
725
726
727
727
728
737
737
739
739
740
740
740
741
741
742
742
746
747
748
749
750
752
753
753
754
754
754
755
758
758
760
760
760
761
762
765
765
766
767
767
769
770
771
771
773
775
777
779
780
781
782
782
783
783
784
787
792
793
793
795
795
797
798
801
801
805
806
807
808
808
808
810
810
811
812
812
813
815
815
817
818
819
820
821
821
821
821
824
825
827
830
830
831
831
831
832
833
838
839
839
840
840
843
843
845
847
849
849
850
851
852
852
853
854
854
855
855
856
856
856
858
861
862
862
863
863
865
869
870
871
873
874
875
876
877
879
879
879
880
881
881
884
885
886
889
889
889
889
889
890
890
890
891
891
892
892
893
894
895
896
896
897
897
898
899
899
900
900
901
902
903
903
904
904
904
905
907
909
910
911
911
911
912
913
916
917
917
919
919
919
919
920
922
923
923
924
925
926
926
926
927
928
929
929
930
930
931
933
935
935
936
936
936
937
940
941
941
943
944
945
945
946
947
947
948
950
950
950
951
951
953
953
953
956
957
959
964
964
965
965
965
966
966
967
968
968
969
969
969
971
974
975
976
977
977
977
978
978
979
979
979
979
980
981
982
982
982
984
984
984
987
990
990
990
993
993
994
994
994
994
995
995
997
998
998
999
1001
1001
1002
1002
1003
1004
1005
1006
1006
1006
1007
1008
1008
1009
1010
1010
1011
1011
1011
1012
1013
1013
1013
1015
1015
1016
1019
1019
1021
1022
1022
1023
1023
1024
1025
1025
1026
1029
1030
1031
1032
1032
1033
1033
1038
1039
1041
1041
1041
1041
1041
1042
1042
1042
1043
1043
1045
1045
1047
1047
1048
1048
1050
1051
1052
1054
1054
1055
1059
1059
1060
1061
1061
1062
1062
1062
1062
1062
1065
1066
1067
1067
1067
1070
1071
1072
1076
1076
1076
1076
1077
1081
1084
1084
1086
1087
1087
1087
1088
1088
1089
1089
1089
1089
1090
1091
1091
1093
1095
1095
1095
1097
1098
1099
1100
1100
1101
1101
1103
1104
1105
1107
1108
1108
1110
1113
1114
1116
1118
1119
1119
1121
1121
1122
1125
1125
1126
1128
1131
1132
1134
1135
1136
1139
1140
1140
1141
1142
1143
1143
1144
1146
1148
1148
1150
1152
1152
1153
1154
1160
1163
1163
1163
1164
1164
1165
1165
1166
1166
1166
1167
1167
1169
1170
1170
1171
1171
1173
1173
1174
1175
1175
1176
1176
1176
1177
1179
1181
1181
1183
1183
1183
1184
1185
1185
1186
1187
1187
1187
1188
1191
1192
1194
1194
1195
1195
1196
1196
1197
1197
1197
1197
1198
1199
1199
1200
1201
1204
1205
1206
1208
1209
1210
1210
1213
1213
1213
1214
1215
1215
1216
1218
1219
1220
1221
1222
1222
1223
1223
1224
1226
1227
1227
1227
1227
1228
1229
1230
1230
1230
1231
1231
1231
1233
1234
1234
1235
1236
1236
1237
1237
1238
1239
1239
1240
1240
1243
1243
1244
1245
1245
1246
1247
1248
1250
1252
1252
1254
1254
1254
1256
1256
1258
1259
1260
1261
1262
1263
1264
1265
1265
1266
1267
1267
1269
1274
1274
1274
1274
1274
1276
1278
1279
1279
1281
1283
1283
1283
1284
1285
1286
1288
1288
1288
1289
1289
1290
1292
1292
1293
1295
1295
1297
1298
1298
1299
1300
1300
1303
1305
1306
1308
1308
1310
1310
1310
1311
1311
1312
1312
1313
1314
1316
1318
1318
1318
1319
1321
1323
1323
1323
1323
1324
1325
1325
1326
1326
1326
1327
1333
1335
1336
1336
1339
1340
1341
1342
1345
1345
1346
1349
1352
1352
1354
1354
1354
1358
1359
1360
1362
1362
1362
1368
1368
1369
1372
1372
1372
1373
1375
1377
1379
1380
1382
1382
1382
1385
1385
1386
1386
1386
1387
1389
1390
1390
1392
1392
1393
1393
1393
1394
1394
1394
1398
1398
1400
1401
1402
1402
1402
1402
1403
1403
1404
1407
1407
1409
1410
1411
1411
1412
1413
1414
1414
1414
1415
1415
1418
1421
1421
1421
1422
1422
1424
1426
1427
1428
1428
1429
1430
1431
1432
1432
1433
1435
1435
1436
1436
1437
1437
1438
1439
1439
1440
1441
1442
1443
1443
1445
1446
1447
1447
1447
1449
1449
1449
1450
1451
1454
1454
1456
1459
1461
1463
1463
1463
1463
1464
1465
1465
1466
1466
1468
1471
1473
1473
1473
1475
1475
1476
1478
1480
1481
1481
1481
1483
1483
1483
1483
1485
1487
1488
1488
1490
1491
1491
1491
1492
1493
1493
1493
1493
1494
1496
1497
1498
1498
1499
1500
1501
1502
1502
1503
1503
1504
1504
1505
1505
1507
1508
1511
1511
1511
1512
1513
1515
1515
1516
1516
1516
1517
1519
1522
1522
1523
1523
1524
1524
1526
1526
1527
1527
1528
1529
1531
1532
1532
1532
1533
1535
1536
1537
1537
1538
1538
1540
1541
1543
1544
1544
1546
1547
1547
1548
1551
1551
1552
1553
1554
1554
1557
1557
1560
1561
1562
1563
1564
1565
1566
1566
1569
1570
1571
1571
1572
1575
1576
1577
1577
1579
1579
1580
1580
1580
1581
1581
1584
1586
1588
1590
1590
1590
1592
1594
1596
1596
1597
1597
1599
1599
1599
1600
1600
1604
1604
1609
1613
1613
1614
1614
1614
1615
1615
1616
1616
1618
1618
1618
1619
1620
1621
1621
1622
1622
1622
1622
1624
1625
1627
1627
1627
1628
1629
1629
1632
1635
1635
1636
1638
1638
1639
1640
1642
1643
1643
1643
1644
1647
1647
1648
1649
1649
1650
1651
1652
1653
1655
1655
1655
1656
1656
1656
1657
1658
1658
1658
1658
1658
1658
1659
1664
1664
1664
1665
1667
1667
1667
1669
1670
1670
1671
1672
1674
1676
1676
1677
1677
1678
1680
1681
1682
1682
1684
1684
1684
1685
1685
1685
1685
1687
1687
1688
1689
1689
1689
1691
1693
1697
1698
1699
1700
1701
1701
1701
1702
1704
1705
1705
1707
1708
1709
1709
1712
1714
1715
1716
1717
1718
1718
1718
1720
1720
1721
1726
1727
1729
1730
1732
1733
1737
1737
1737
1738
1738
1740
1741
1742
1742
1742
1742
1742
1742
1745
1745
1747
1748
1750
1750
1751
1752
1753
1754
1755
1755
1755
1756
1756
1758
1758
1758
1759
1759
1760
1762
1762
1764
1764
1765
1765
1765
1766
1766
1766
1768
1770
1770
1771
1773
1774
1775
1776
1776
1778
1778
1779
1782
1784
1784
1788
1788
1789
1791
1793
1794
1794
1794
1794
1794
1794
1796
1797
1797
1797
1800
1800
1800
1802
1802
1803
1804
1805
1806
1809
1809
1809
1810
1810
1811
1811
1811
1812
1813
1815
1816
1817
1818
1820
1820
1821
1822
1822
1822
1823
1826
1827
1827
1829
1831
1833
1835
1836
1837
1837
1840
1840
1842
1842
1842
1843
1843
1843
1844
1845
1845
1847
1847
1847
1848
1848
1849
1852
1854
1855
1855
1856
1857
1859
1860
1861
1862
1862
1862
1864
1865
1865
1868
1868
1869
1869
1870
1871
1871
1872
1872
1874
1874
1875
1877
1877
1878
1878
1879
1880
1881
1881
1882
1882
1883
1883
1884
1884
1886
1887
1887
1889
1890
1890
1892
1892
1893
1893
1894
1895
1896
1896
1896
1897
1897
1898
1902
1904
1905
1905
1906
1906
1907
1907
1907
1908
1908
1909
1909
1910
1910
1911
1911
1911
1912
1914
1914
1914
1915
1918
1922
1923
1923
1924
1925
1925
1926
1926
1927
1927
1928
1929
1930
1930
1931
1932
1934
1935
1938
1940
1940
1941
1941
1942
1943
1944
1948
1948
1949
1951
1952
1952
1953
1955
1956
1956
1956
1956
1959
1961
1961
1962
1963
1963
1964
1965
1965
1967
1970
1970
1972
1973
1975
1975
1978
1978
1978
1979
1979
1980
1984
1984
1985
1988
1988
1989
1992
1992
1994
1994
1994
1995
1996
1996
1997
1998
1998
1998
2000
2000
2001
2001
2002
2004
2006
2006
2009
2009
2011
2013
2014
2014
2015
2015
2015
2016
2016
2021
2022
2024
2025
2026
2027
2027
2027
2028
2029
2031
2032
2032
2033
2034
2034
2035
2039
2040
2040
2043
2045
2046
2047
2047
2049
2049
2049
2051
2054
2056
2058
2058
2059
2060
2060
2060
2060
2061
2062
2063
2063
2064
2065
2065
2066
2066
2072
2073
2073
2075
2076
2076
2077
2079
2080
2082
2082
2082
2084
2084
2085
2087
2088
2088
2090
2092
2094
2095
2097
2097
2097
2100
2101
2101
2101
2102
2102
2104
2104
2105
2106
2106
2106
2107
2109
2110
2111
2111
2112
2112
2113
2115
2118
2120
2121
2122
2124
2125
2128
2130
2131
2135
2135
2137
2139
2139
2140
2144
2144
2145
2146
2147
2148
2150
2151
2151
2152
2152
2152
2152
2152
2154
2155
2155
2155
2156
2156
2156
2157
2159
2160
2161
2163
2163
2165
2166
2166
2167
2168
2169
2169
2169
2170
2170
2171
2171
2171
2172
2173
2173
2177
2177
2177
2178
2178
2179
2181
2181
2182
2183
2183
2183
2184
2186
2186
2187
2187
2191
2191
2191
2191
2194
2195
2195
2196
2197
2199
2199
2199
2201
2202
2203
2204
2206
2207
2207
2208
2209
2210
2211
2212
2214
2214
2215
2215
2217
2217
2219
2220
2222
2223
2225
2225
2225
2227
2227
2227
2229
2230
2231
2232
2234
2235
2237
2239
2239
2241
2242
2242
2242
2243
2244
2244
2245
2248
2249
2249
2250
2251
2252
2252
2253
2253
2253
2253
2254
2254
2254
2256
2256
2256
2257
2257
2257
2258
2261
2261
2263
2264
2264
2266
2266
2268
2269
2271
2272
2273
2273
2275
2275
2276
2277
2281
2281
2281
2281
2282
2283
2283
2285
2285
2286
2286
2286
2287
2288
2292
2294
2296
2297
2299
2299
2301
2303
2304
2305
2306
2306
2308
2309
2311
2311
2313
2314
2315
2317
2318
2318
2319
2320
2321
2321
2321
2321
2323
2323
2323
2323
2325
2326
2328
2328
2329
2329
2330
2330
2331
2332
2332
2332
2333
2333
2334
2336
2336
2338
2338
2340
2340
2341
2341
2341
2342
2342
2342
2344
2349
2350
2350
2351
2351
2352
2352
2354
2355
2355
2355
2357
2359
2359
2359
2360
2360
2361
2361
2363
2364
2364
2365
2369
2369
2371
2371
2373
2373
2374
2374
2376
2377
2377
2379
2379
2380
2381
2382
2382
2383
2384
2384
2386
2387
2389
2390
2390
2391
2395
2395
2396
2396
2397
2397
2397
2398
2399
2399
2401
2401
2403
2403
2403
2404
2404
2405
2405
2405
2405
2406
2406
2407
2407
2409
2411
2412
2413
2415
2416
2417
2419
2420
2421
2422
2423
2424
2424
2424
2426
2427
2429
2429
2429
2429
2430
2431
2431
2432
2432
2432
2433
2433
2434
2434
2436
2436
2437
2437
2438
2439
2441
2442
2443
2443
2444
2445
2447
2448
2448
2449
2449
2449
2451
2453
2453
2454
2455
2457
2460
2461
2461
2463
2464
2464
2464
2465
2465
2466
2466
2467
2468
2468
2470
2472
2473
2473
2474
2474
2475
2476
2477
2480
2480
2482
2483
2483
2485
2486
2486
2487
2487
2487
2488
2489
2490
2490
2491
2496
2496
2497
2498
2500
2501
2504
2504
2505
2505
2505
2506
2506
2506
2506
2508
2509
2510
2511
2512
2512
2513
2514
2514
2514
2514
2515
2515
2516
2516
2516
2516
2520
2522
2524
2525
2525
2528
2528
2528
2529
2529
2530
2530
2532
2532
2532
2532
2533
2533
2534
2536
2537
2538
2538
2541
2542
2543
2543
2543
2544
2544
2547
2552
2552
2556
2557
2559
2559
2559
2561
2561
2562
2563
2563
2563
2564
2566
2566
2569
2569
2571
2571
2571
2572
2573
2573
2573
2574
2576
2577
2578
2580
2581
2582
2582
2583
2583
2586
2587
2587
2588
2589
2592
2594
2594
2596
2596
2597
2599
2599
2600
2603
2604
2604
2605
2606
2606
2608
2609
2609
2610
2610
2611
2611
2612
2613
2614
2615
2616
2616
2617
2617
2617
2618
2618
2618
2618
2619
2620
2625
2625
2626
2629
2631
2632
2633
2633
2633
2634
2634
2635
2636
2637
2637
2638
2638
2640
2641
2641
2641
2642
2642
2643
2644
2645
2646
2647
2647
2648
2649
2650
2650
2650
2651
2651
2654
2654
2657
2658
2658
2659
2660
2662
2662
2663
2663
2665
2665
2666
2667
2669
2669
2669
2669
2672
2674
2674
2674
2676
2677
2678
2680
2681
2683
2683
2684
2684
2688
2688
2689
2689
2691
2691
2692
2692
2692
2693
2694
2694
2696
2696
2697
2698
2698
2698
2699
2700
2701
2702
2703
2704
2704
2704
2705
2709
2710
2711
2712
2712
2713
2714
2716
2716
2717
2718
2718
2719
2721
2721
2722
2722
2725
2726
2727
2727
2727
2728
2729
2729
2729
2730
2730
2731
2731
2733
2733
2734
2734
2734
2734
2735
2736
2736
2738
2739
2741
2742
2742
2742
2747
2747
2747
2747
2747
2748
2749
2749
2750
2752
2752
2753
2753
2754
2756
2760
2761
2763
2765
2766
2767
2767
2767
2768
2768
2769
2769
2769
2769
2769
2769
2770
2772
2772
2773
2773
2774
2775
2776
2777
2778
2781
2781
2782
2782
2784
2785
2785
2788
2789
2789
2790
2790
2792
2793
2796
2801
2801
2801
2805
2806
2806
2808
2809
2814
2815
2818
2819
2819
2821
2823
2824
2824
2828
2829
2829
2830
2830
2831
2831
2832
2832
2832
2832
2833
2835
2836
2836
2837
2839
2841
2843
2845
2845
2848
2848
2848
2852
2854
2855
2856
2856
2857
2857
2859
2860
2860
2862
2862
2864
2865
2866
2867
2867
2867
2867
2867
2868
2869
2869
2870
2870
2871
2871
2872
2872
2874
2874
2874
2875
2879
2879
2880
2880
2881
2884
2884
2885
2887
2889
2890
2891
2891
2891
2891
2892
2894
2894
2895
2895
2895
2895
2896
2897
2897
2898
2898
2900
2901
2902
2903
2903
2904
2904
2905
2908
2908
2908
2909
2909
2911
2912
2913
2914
2915
2915
2915
2916
2917
2921
2922
2925
2925
2926
2927
2927
2927
2928
2928
2929
2929
2929
2930
2931
2932
2932
2933
2933
2934
2935
2935
2937
2937
2938
2938
2939
2942
2942
2943
2944
2946
2946
2948
2948
2949
2952
2952
2952
2955
2956
2956
2956
2957
2957
2959
2960
2960
2962
2962
2963
2963
2965
2965
2966
2966
2967
2969
2971
2971
2972
2972
2975
2976
2976
2976
2976
2978
2978
2980
2981
2981
2983
2986
2986
2988
2989
2990
2991
2992
2994
2994
2998
2998
3000
3000
3003
3005
3009
3010
3013
3013
3015
3016
3017
3017
3018
3019
3020
3024
3025
3026
3030
3031
3031
3031
3032
3033
3036
3037
3039
3040
3041
3042
3043
3043
3044
3045
3045
3046
3047
3047
3048
3049
3051
3053
3054
3054
3055
3055
3057
3057
3058
3059
3059
3061
3061
3062
3062
3062
3065
3065
3070
3070
3071
3072
3073
3074
3074
3077
3078
3080
3081
3081
3082
3084
3084
3084
3085
3087
3087
3088
3089
3090
3094
3094
3096
3097
3097
3098
3100
3102
3102
3105
3106
3106
3106
3110
3111
3111
3111
3111
3114
3115
3116
3116
3119
3120
3120
3120
3121
3121
3121
3123
3124
3126
3127
3127
3128
3129
3131
3134
3136
3136
3137
3137
3140
3140
3141
3141
3142
3143
3145
3146
3146
3146
3148
3149
3150
3150
3151
3152
3153
3153
3154
3155
3156
3157
3158
3158
3158
3160
3161
3164
3164
3165
3166
3167
3169
3170
3170
3170
3171
3171
3172
3174
3176
3178
3179
3180
3181
3182
3184
3189
3190
3192
3192
3194
3194
3195
3195
3195
3196
3196
3198
3198
3199
3200
3204
3205
3205
3208
3208
3208
3209
3210
3212
3212
3212
3216
3217
3217
3218
3218
3220
3220
3220
3220
3221
3224
3225
3228
3228
3230
3230
3230
3231
3234
3235
3235
3236
3237
3238
3238
3240
3241
3242
3243
3244
3244
3248
3251
3251
3252
3252
3252
3254
3256
3256
3257
3257
3257
3258
3260
3261
3261
3261
3262
3263
3264
3265
3266
3267
3267
3269
3272
3272
3273
3273
3275
3276
3278
3278
3279
3279
3280
3281
3281
3282
3282
3284
3284
3285
3285
3286
3286
3287
3289
3292
3292
3293
3293
3293
3293
3298
3299
3300
3300
3301
3301
3302
3302
3303
3303
3304
3307
3307
3308
3309
3310
3311
3313
3315
3317
3317
3318
3319
3320
3320
3322
3322
3322
3322
3322
3325
3326
3327
3329
3331
3332
3333
3333
3339
3341
3341
3341
3341
3343
3344
3344
3346
3346
3346
3348
3348
3348
3352
3353
3354
3355
3355
3356
3359
3360
3361
3362
3362
3363
3364
3368
3370
3370
3370
3372
3372
3374
3376
3376
3377
3378
3380
3382
3384
3385
3386
3386
3391
3394
3396
3397
3398
3399
3399
3399
3402
3403
3404
3405
3406
3407
3407
3408
3408
3409
3411
3415
3415
3416
3416
3417
3417
3417
3420
3421
3423
3425
3426
3427
3429
3431
3434
3435
3438
3439
3440
3441
3443
3443
3443
3444
3444
3444
3446
3447
3448
3449
3450
3452
3453
3453
3454
3455
3457
3457
3458
3458
3460
3461
3462
3462
3463
3464
3465
3465
3465
3465
3469
3471
3473
3475
3478
3479
3480
3480
3481
3481
3482
3482
3483
3485
3487
3487
3490
3491
3491
3493
3493
3495
3499
3500
3501
3501
3505
3506
3508
3511
3512
3513
3513
3513
3514
3515
3515
3516
3519
3520
3523
3523
3524
3524
3526
3526
3527
3527
3527
3528
3529
3530
3530
3537
3537
3539
3540
3540
3541
3542
3543
3544
3545
3545
3546
3546
3549
3550
3551
3556
3560
3561
3561
3564
3564
3565
3566
3567
3567
3569
3570
3570
3572
3573
3573
3573
3574
3575
3576
3577
3577
3578
3578
3581
3581
3581
3582
3583
3585
3585
3585
3585
3586
3586
3586
3587
3588
3589
3590
3592
3593
3595
3595
3597
3598
3598
3598
3599
3601
3602
3604
3604
3605
3605
3607
3607
3608
3610
3610
3610
3611
3611
3613
3613
3613
3613
3615
3616
3616
3617
3618
3618
3619
3621
3625
3626
3627
3627
3629
3629
3629
3630
3630
3630
3630
3632
3633
3634
3634
3638
3639
3640
3641
3642
3644
3645
3645
3646
3646
3648
3650
3650
3651
3652
3654
3655
3655
3655
3655
3656
3657
3657
3658
3659
3660
3660
3664
3664
3665
3665
3665
3666
3667
3669
3670
3670
3671
3673
3673
3676
3678
3679
3679
3681
3683
3683
3683
3683
3684
3685
3685
3686
3687
3688
3689
3689
3690
3690
3691
3695
3696
3698
3698
3701
3701
3702
3703
3704
3704
3706
3707
3708
3710
3710
3711
3714
3715
3715
3716
3717
3717
3717
3718
3719
3719
3719
3722
3722
3725
3727
3727
3728
3732
3732
3733
3734
3735
3736
3739
3741
3744
3745
3746
3747
3748
3748
3750
3752
3753
3754
3756
3758
3758
3759
3760
3760
3760
3760
3761
3762
3762
3762
3766
3766
3766
3766
3767
3769
3769
3771
3774
3775
3775
3777
3777
3777
3778
3781
3781
3784
3784
3784
3784
3787
3787
3788
3788
3788
3790
3790
3790
3792
3792
3793
3793
3795
3797
3801
3802
3802
3802
3803
3805
3806
3807
3807
3808
3808
3810
3811
3813
3813
3814
3814
3816
3817
3818
3818
3818
3818
3819
3820
3820
3820
3821
3821
3822
3822
3822
3822
3822
3824
3825
3825
3826
3826
3827
3828
3828
3829
3829
3830
3830
3832
3835
3836
3836
3839
3839
3842
3844
3844
3845
3845
3846
3847
3849
3851
3853
3854
3854
3854
3854
3856
3856
3858
3859
3861
3861
3862
3864
3866
3867
3867
3867
3868
3869
3870
3874
3875
3875
3876
3878
3880
3882
3887
3889
3889
3889
3890
3890
3891
3891
3891
3896
3900
3901
3902
3902
3902
3903
3903
3905
3905
3906
3909
3910
3911
3911
3912
3913
3914
3914
3915
3915
3916
3918
3919
3920
3921
3921
3924
3925
3925
3926
3927
3927
3927
3928
3929
3930
3931
3932
3932
3935
3936
3936
3937
3937
3939
3944
3944
3945
3945
3946
3946
3947
3950
3950
3951
3951
3952
3952
3952
3955
3955
3956
3956
3960
3962
3963
3963
3964
3965
3967
3969
3970
3970
3970
3971
3977
3978
3978
3978
3979
3979
3980
3981
3981
3981
3982
3984
3986
3987
3988
3992
3992
3992
3995
3997
4000
4002
4003
4004
4004
4004
4005
4005
4007
4008
4008
4011
4012
4012
4014
4015
4017
4017
4019
4019
4020
4020
4020
4020
4022
4023
4023
4023
4023
4025
4027
4030
4033
4034
4034
4034
4037
4037
4038
4039
4039
4039
4040
4040
4041
4042
4043
4045
4046
4046
4047
4048
4048
4048
4050
4050
4051
4051
4051
4052
4053
4054
4056
4056
4060
4061
4061
4061
4061
4062
4063
4064
4067
4067
4068
4074
4076
4077
4077
4078
4080
4080
4081
4082
4082
4083
4083
4084
4086
4089
4092
4092
4093
4094
4094
4095
4095
4095
4096
4097
4098
4098
4100
4101
4101
4103
4103
4103
4103
4104
4105
4105
4106
4109
4109
4111
4111
4112
4112
4113
4113
4114
4114
4117
4117
4118
4120
4120
4122
4122
4123
4125
4127
4129
4130
4132
4133
4134
4134
4135
4135
4135
4135
4136
4137
4140
4141
4143
4143
4146
4148
4148
4153
4154
4154
4154
4155
4156
4156
4156
4157
4161
4164
4164
4164
4165
4167
4169
4169
4170
4173
4175
4175
4178
4179
4181
4182
4184
4185
4186
4188
4189
4190
4191
4194
4194
4194
4195
4195
4196
4197
4197
4199
4199
4199
4199
4200
4201
4201
4204
4204
4205
4205
4206
4206
4206
4208
4208
4209
4209
4211
4211
4213
4213
4215
4215
4216
4217
4220
4221
4221
4222
4223
4223
4226
4228
4228
4228
4228
4229
4231
4238
4240
4240
4242
4242
4243
4243
4244
4245
4247
4247
4248
4249
4249
4249
4249
4249
4250
4250
4251
4251
4252
4255
4255
4258
4259
4265
4266
4267
4267
4268
4269
4269
4269
4271
4272
4273
4275
4276
4279
4280
4280
4280
4282
4283
4284
4287
4287
4288
4288
4288
4289
4290
4290
4293
4293
4297
4297
4297
4298
4300
4300
4300
4301
4301
4301
4303
4304
4304
4306
4307
4308
4308
4312
4315
4318
4319
4321
4321
4324
4326
4327
4329
4329
4332
4333
4333
4334
4335
4335
4337
4338
4340
4340
4341
4342
4344
4344
4344
4345
4347
4354
4355
4355
4356
4357
4360
4360
4361
4362
4363
4364
4366
4368
4369
4371
4372
4373
4375
4376
4378
4378
4381
4381
4381
4382
4383
4386
4387
4387
4388
4392
4393
4393
4393
4398
4400
4401
4402
4402
4403
4404
4405
4406
4407
4407
4408
4409
4409
4412
4415
4416
4417
4417
4417
4420
4421
4421
4423
4424
4424
4427
4432
4433
4433
4436
4438
4439
4441
4443
4443
4445
4446
4446
4446
4447
4448
4449
4451
4455
4455
4456
4456
4457
4458
4459
4461
4461
4461
4462
4462
4462
4463
4463
4463
4464
4465
4466
4466
4468
4471
4472
4472
4473
4475
4477
4477
4478
4479
4481
4484
4489
4489
4489
4489
4490
4492
4494
4497
4501
4502
4502
4502
4503
4503
4504
4504
4504
4507
4507
4508
4508
4509
4509
4509
4510
4510
4511
4511
4511
4513
4514
4514
4516
4520
4520
4520
4521
4522
4522
4526
4528
4529
4530
4532
4532
4534
4534
4535
4536
4536
4537
4537
4537
4537
4538
4538
4538
4539
4545
4545
4546
4549
4550
4550
4550
4552
4552
4552
4553
4554
4555
4555
4556
4556
4558
4558
4558
4559
4560
4561
4561
4568
4570
4570
4570
4570
4571
4572
4574
4575
4576
4577
4578
4579
4580
4580
4581
4583
4586
4587
4587
4588
4588
4589
4590
4592
4598
4599
4605
4608
4608
4608
4609
4610
4614
4614
4614
4615
4615
4615
4616
4616
4616
4618
4620
4620
4621
4622
4622
4624
4624
4625
4627
4628
4630
4631
4631
4632
4635
4636
4636
4638
4639
4640
4641
4641
4642
4643
4643
4643
4644
4644
4651
4651
4652
4656
4657
4658
4661
4662
4662
4663
4663
4665
4665
4666
4669
4670
4670
4670
4671
4672
4673
4677
4678
4679
4679
4680
4682
4682
4682
4682
4683
4684
4684
4686
4687
4689
4692
4692
4693
4694
4694
4695
4700
4700
4700
4703
4703
4704
4705
4705
4706
4706
4706
4707
4709
4709
4709
4713
4714
4715
4717
4718
4719
4720
4721
4722
4723
4723
4724
4726
4729
4730
4731
4731
4734
4734
4736
4736
4738
4739
4740
4740
4741
4741
4741
4742
4743
4746
4747
4748
4748
4748
4749
4749
4750
4750
4751
4752
4754
4755
4755
4756
4757
4759
4760
4762
4767
4768
4768
4769
4771
4772
4774
4776
4776
4778
4779
4780
4781
4781
4782
4782
4783
4786
4788
4789
4789
4792
4793
4793
4795
4796
4797
4797
4797
4797
4798
4799
4801
4803
4804
4808
4809
4810
4810
4810
4811
4812
4813
4813
4815
4817
4817
4818
4819
4822
4822
4825
4825
4826
4828
4828
4828
4829
4829
4830
4831
4832
4832
4832
4834
4835
4835
4837
4837
4838
4839
4840
4841
4844
4845
4847
4848
4849
4849
4849
4849
4850
4850
4850
4851
4851
4851
4852
4853
4853
4853
4853
4856
4857
4857
4860
4860
4865
4866
4866
4867
4867
4868
4869
4870
4872
4873
4875
4876
4877
4877
4877
4879
4881
4889
4890
4891
4892
4893
4895
4895
4897
4897
4899
4899
4899
4900
4901
4903
4904
4908
4909
4911
4911
4911
4912
4912
4912
4914
4915
4917
4917
4918
4920
4923
4923
4924
4925
4925
4925
4927
4927
4928
4929
4929
4930
4931
4932
4935
4936
4936
4936
4937
4937
4938
4943
4947
4948
4949
4949
4950
4951
4952
4952
4952
4952
4953
4953
4953
4955
4956
4956
4959
4960
4967
4968
4969
4969
4969
4971
4973
4975
4975
4976
4981
4983
4984
4984
4986
4988
4988
4988
4988
4990
4996
4997
4998
5000