7146 
8123 
5242 
960 
3608 
4798 
4813 
1222 
7034 
3182 
9036 
8015 
4481 
6816 
5081 
2371 
4577 
5423 
1164 
2461 
3763 
1687 
2063 
4350 
1091 
4907 
431 
5768 
5427 
4895 
1585 
6755 
5671 
1055 
235 
2700 
615 
6614 
695 
9329 
2896 
3752 
116 
8406 
7043 
1561 
4740 
291 
6084 
2131 
702 
9523 
557 
1171 
2942 
1735 
7768 
2284 
8656 
5729 
1769 
5780 
2713 
6890 
3570 
2210 
5454 
9148 
6540 
8934 
4603 
8280 
2052 
2289 
4030 
7601 
7532 
8505 
2777 
527 
8598 
8534 
4787 
7854 
2541 
8232 
7191 
2972 
8652 
4766 
8851 
9487 
1588 
4368 
2379 
780 
5435 
5862 
9172 
4753 
791 
2767 
4089 
956 
423 
9931 
378 
9681 
1147 
9985 
840 
7288 
6599 
9866 
5418 
7325 
1779 
9300 
3322 
1902 
5086 
7217 
8809 
3776 
8278 
8421 
7655 
827 
1170 
8203 
6044 
345 
2553 
9968 
3090 
3852 
312 
9734 
680 
4037 
2240 
1954 
9729 
3933 
6485 
7743 
2675 
9727 
1184 
4425 
3464 
7676 
4798 
2579 
2704 
1718 
1615 
9314 
301 
3046 
8136 
1807 
4342 
5911 
8465 
6009 
4693 
9848 
9335 
64 
1769 
1981 
3243 
1211 
1092 
4670 
2738 
2931 
254 
7703 
7283 
7270 
8896 
6902 
1900 
2950 
3866 
49 
4989 
2039 
158 
8141 
3467 
100 
8722 
6744 
6015 
2746 
2834 
8208 
7029 
1211 
2396 
1209 
5741 
3709 
5730 
2860 
8989 
4280 
8235 
7506 
1292 
7884 
6211 
1501 
5817 
6808 
3702 
6351 
5410 
6276 
681 
9361 
1758 
121 
4689 
62 
3539 
5651 
7833 
1813 
2080 
9846 
7697 
4730 
4933 
1782 
8058 
5477 
2486 
9789 
5851 
4546 
4204 
9929 
6687 
2544 
3427 
716 
2772 
2898 
6269 
4250 
14 
4641 
8446 
830 
6898 
6695 
8526 
9349 
6395 
4390 
8490 
721 
3656 
3007 
2403 
1384 
6108 
347 
6861 
1075 
413 
7846 
7234 
3455 
5222 
1951 
6925 
5919 
5253 
41 
4575 
2872 
6077 
9997 
9821 
2035 
3621 
3861 
4847 
6543 
6071 
4355 
2178 
509 
9874 
4584 
584 
2082 
4297 
9981 
9363 
8904 
1153 
7278 
6910 
9357 
4791 
3562 
420 
8979 
1704 
7284 
6486 
7134 
7015 
7829 
4089 
4393 
2282 
2392 
9990 
1857 
6333 
2668 
9913 
6729 
5102 
1622 
6594 
9828 
655 
9436 
855 
2126 
8152 
4635 
8912 
452 
290 
2065 
1641 
8375 
6301 
2212 
6244 
1180 
9051 
2458 
308 
479 
2850 
6734 
2291 
764 
1966 
7746 
7613 
517 
1708 
5431 
99 
4191 
2368 
5687 
8585 
1508 
5105 
9787 
9768 
402 
3000 
8533 
6397 
3435 
9604 
1560 
8 
5539 
9257 
3514 
1150 
6485 
8284 
7721 
2007 
7887 
2440 
6084 
4816 
2161 
8445 
941 
2682 
1122 
4700 
4861 
8954 
5898 
7628 
4528 
7927 
6489 
9511 
4885 
5183 
2639 
5790 
1216 
4786 
8818 
6625 
9784 
1205 
9452 
8552 
2568 
7473 
5930 
8077 
7794 
1906 
5565 
2143 
3927 
2312 
189 
4833 
1169 
3673 
3297 
6649 
1497 
7148 
5144 
1105 
2193 
9343 
8084 
2650 
7916 
3971 
8777 
3764 
9201 
379 
2802 
3846 
9340 
8945 
9517 
44 
2140 
8417 
1018 
7092 
2086 
5036 
7344 
801 
2432 
9142 
5320 
5016 
4183 
8647 
3648 
2678 
7914 
1070 
9945 
9896 
9245 
4570 
2329 
6896 
5014 
3263 
1881 
6903 
5251 
7527 
1352 
4198 
9235 
271 
9655 
123 
6728 
1590 
2155 
4251 
1164 
2609 
2735 
9194 
3529 
6185 
5663 
7204 
351 
7243 
5854 
9784 
7473 
9975 
4464 
8632 
5160 
2530 
7345 
5146 
1135 
7940 
8828 
1705 
1110 
4235 
8996 
2757 
15 
790 
3343 
5983 
2420 
4938 
4390 
9262 
255 
5441 
4007 
9581 
4192 
54 
5987 
2026 
186 
9962 
2096 
2425 
8422 
2 
1768 
6847 
1439 
4055 
1880 
2887 
7877 
6229 
5714 
1825 
490 
604 
7707 
413 
8712 
6146 
1054 
1684 
5305 
8479 
9575 
8320 
509 
847 
7977 
7183 
9656 
5156 
7448 
884 
4433 
8353 
5808 
3894 
2532 
3360 
668 
7215 
8800 
3021 
4560 
8846 
3082 
4313 
3968 
8342 
5096 
7096 
1574 
6541 
9399 
5443 
2415 
5549 
6758 
7351 
1999 
6662 
3465 
5332 
4665 
234 
7511 
6638 
4808 
4560 
556 
6960 
2361 
2242 
3992 
7764 
4974 
3423 
9102 
5420 
8924 
8649 
4085 
2268 
3950 
296 
714 
8398 
8960 
9781 
8476 
908 
149 
1024 
8351 
1114 
7042 
3082 
58 
3066 
9424 
732 
4649 
9573 
7118 
1902 
2716 
9993 
8940 
4305 
709 
9973 
1297 
4902 
3502 
831 
2566 
3029 
5505 
3022 
3721 
3143 
350 
6481 
3675 
7211 
201 
5046 
418 
5653 
8089 
3923 
9464 
6218 
9258 
5073 
7642 
6517 
7852 
5628 
5899 
1094 
9218 
5940 
7886 
1518 
323 
4495 
2655 
3972 
9180 
5845 
5898 
4147 
8988 
8179 
6370 
249 
2983 
7753 
8092 
553 
9540 
187 
1121 
138 
9679 
947 
3024 
2791 
5896 
8669 
601 
5309 
9554 
2138 
7411 
3759 
7909 
9662 
5832 
437 
7996 
2547 
3 
2153 
3543 
8195 
9481 
9849 
9818 
9009 
1437 
4008 
428 
5377 
4202 
765 
8665 
8300 
7037 
3810 
9729 
7805 
6952 
6550 
7495 
6534 
9441 
8811 
7698 
812 
2865 
1657 
4591 
9654 
5237 
1209 
7854 
7874 
2336 
1035 
4673 
6672 
5447 
5857 
5920 
7702 
4899 
2754 
1511 
1850 
3235 
744 
8614 
9803 
2472 
3569 
3504 
5176 
9927 
4706 
5820 
1575 
2602 
2175 
7991 
5616 
6111 
7908 
3841 
7711 
647 
3520 
6204 
6054 
7033 
2325 
2032 
6216 
253 
7145 
5433 
8239 
5393 
3912 
2663 
5047 
6599 
5967 
589 
8801 
5669 
3090 
9250 
9201 
5812 
6759 
836 
9728 
1825 
3529 
2576 
6283 
6511 
2327 
5611 
5009 
1187 
8786 
9468 
6361 
6454 
290 
4031 
9418 
2599 
18 
1140 
8610 
1319 
2495 
9214 
6223 
8155 
7533 
3045 
4553 
1341 
9954 
4916 
2134 
4123 
201 
1515 
8548 
5639 
7168 
6014 
3315 
4821 
5930 
8709 
7192 
3312 
8766 
1754 
9260 
7558 
9382 
6926 
874 
3303 
2753 
5156 
2644 
4186 
9682 
2484 
415 
9959 
8223 
105 
7667 
4974 
6434 
8963 
8620 
7359 
299 
6918 
4363 
2928 
1900 
458 
4150 
7019 
1692 
6665 
5251 
7660 
5941 
6516 
8609 
71 
8262 
6110 
6880 
9712 
337 
9855 
4884 
514 
4414 
5426 
6469 
8889 
4358 
9607 
8690 
151 
4201 
5906 
5162 
6883 
7384 
731 
9057 
4613 
4572 
5980 
1265 
8379 
2782 
2790 
7734 
5528 
8620 
7852 
9665 
4303 
8378 
7670 
5206 
1004 
4991 
3519 
606 
2300 
2484 
1751 
5638 
3344 
3896 
5251 
1870 
9982 
7759 
1928 
4587 
2288 
7598 
531 
9253 
8803 
3841 
5012 
7786 
9960 
2581 
5310 
4281 
3911 
142 
6521 
5015 
5815 
7266 
3409 
222 
2487 
172 
5620 
1657 
5417 
6331 
2535 
8729 
8065 
9248 
5602 
2563 
9851 
3507 
303 
3088 
9938 
6670 
3295 
1915 
1737 
9744 
9797 
4231 
870 
1740 
617 
4326 
178 
472 
7734 
147 
5883 
8703 
9517 
8090 
2930 
9295 
32 
9130 
4429 
1691 
4151 
5657 
3494 
9722 
7823 
256 
8106 
742 
6902 
9659 
6683 
8862 
6240 
2795 
8366 
9508 
3317 
1236 
8478 
7456 
5520 
527 
2535 
204 
5362 
2665 
7131 
6965 
2557 
5617 
449 
1312 
6361 
5694 
257 
1747 
5843 
1863 
4314 
3608 
5945 
1401 
3164 
2302 
3183 
709 
8734 
5095 
1597 
5760 
5945 
9146 
9406 
3425 
571 
419 
6995 
3958 
7349 
2670 
2382 
6047 
6653 
720 
7400 
8113 
6333 
7006 
2427 
5396 
7650 
1972 
2456 
9446 
1470 
6047 
2786 
9558 
5158 
3764 
3281 
8762 
4197 
8391 
8417 
1753 
5575 
7012 
9104 
2465 
9295 
5049 
9860 
195 
1650 
8906 
6050 
1970 
1529 
8236 
2024 
4728 
6355 
6154 
6548 
4177 
5504 
2468 
9130 
9005 
9975 
5466 
8114 
258 
4001 
1654 
5192 
4808 
8444 
2959 
9994 
6763 
2297 
199 
1726 
4221 
3198 
2942 
4713 
9937 
2037 
2860 
8233 
1809 
2283 
91 
4716 
7897 
2786 
314 
4374 
3402 
6368 
5468 
3919 
8344 
6973 
9015 
8755 
8269 
1993 
3157 
4352 
1811 
4836 
9526 
1100 
2365 
8211 
1820 
2172 
3839 
4898 
6382 
5502 
3281 
908 
6870 
2608 
993 
7221 
1955 
7062 
7950 
6673 
8183 
3208 
5805 
8346 
6938 
1746 
1432 
4350 
6117 
6019 
1722 
6238 
3592 
4718 
788 
1680 
8149 
3595 
1883 
6302 
6226 
1895 
1095 
4086 
7659 
6720 
5766 
9096 
606 
4891 
4231 
6842 
4413 
1038 
736 
2503 
5503 
3189 
7209 
1099 
1199 
6913 
1454 
4985 
6572 
5700 
3729 
7750 
5384 
535 
357 
8827 
7897 
165 
1892 
55 
5546 
7165 
5370 
9547 
4171 
3635 
7447 
6444 
5805 
7151 
5921 
1908 
1175 
2957 
4896 
369 
9684 
8108 
2353 
404 
9026 
8015 
7348 
4180 
6133 
9855 
1933 
361 
6050 
2839 
390 
7905 
7236 
3206 
3804 
8862 
5866 
8224 
6414 
1430 
3159 
2141 
6689 
6481 
6801 
5609 
174 
7743 
3699 
4291 
2146 
8208 
2363 
4782 
8653 
5114 
9388 
5875 
3972 
9014 
6189 
2669 
463 
8643 
7512 
491 
2524 
8177 
8060 
2737 
6330 
1368 
892 
2984 
5823 
8687 
6077 
8249 
9570 
1349 
1756 
6534 
6641 
491 
9910 
2737 
1037 
5544 
2222 
995 
3609 
2676 
5738 
4951 
4062 
8589 
8614 
2748 
2762 
7781 
9504 
3799 
1549 
2210 
7034 
270 
4187 
141 
1852 
2670 
1532 
4003 
3215 
9526 
9103 
199 
5843 
5001 
1506 
2382 
6393 
6768 
8204 
6690 
2970 
6902 
7828 
8752 
5327 
2858 
439 
1577 
2566 
8256 
4502 
3524 
6003 
977 
1797 
1611 
7820 
1510 
2589 
2138 
9357 
1569 
5339 
4963 
7954 
1077 
3454 
621 
8976 
57 
4893 
1712 
7004 
2120 
6479 
8218 
4353 
84 
7858 
9853 
463 
8270 
9541 
4031 
5830 
8464 
3981 
4713 
4063 
1027 
1188 
7497 
9540 
2889 
5845 
4960 
3188 
5781 
9425 
1636 
8960 
7950 
1037 
318 
1648 
5056 
3889 
2461 
8782 
7306 
5403 
978 
1097 
2384 
6330 
530 
932 
4171 
6292 
4680 
9813 
6629 
1089 
2048 
5046 
9022 
9197 
5052 
9335 
4153 
4505 
8723 
6186 
79 
6539 
5933 
6022 
3771 
2009 
8872 
9781 
1020 
2610 
775 
7686 
5527 
9222 
8974 
2108 
1458 
6825 
5895 
2380 
7338 
7972 
303 
8003 
4654 
355 
8185 
3341 
1010 
4008 
490 
9647 
2461 
3223 
8364 
1167 
8250 
248 
156 
439 
4107 
5400 
4844 
5365 
6242 
3416 
8929 
1006 
70 
2828 
3590 
998 
3028 
3901 
8695 
6921 
3627 
6200 
9222 
230 
1390 
8557 
4698 
9182 
5798 
6529 
1035 
8970 
3790 
7789 
5400 
4690 
3062 
7772 
6241 
7351 
2224 
496 
9117 
5658 
5062 
702 
2149 
5746 
5490 
1789 
4503 
1162 
7860 
6155 
8340 
2480 
111 
2393 
8258 
1016 
3340 
5514 
6523 
7703 
3142 
1271 
8380 
2856 
3533 
5646 
8871 
8778 
9252 
5663 
9105 
6016 
8946 
2157 
6805 
3088 
7364 
8163 
1391 
2005 
8425 
4333 
3169 
2349 
6677 
4442 
3394 
523 
3023 
5617 
1018 
2022 
1603 
5417 
2648 
1640 
9248 
1327 
252 
5632 
2251 
7731 
2077 
4577 
2315 
6363 
1940 
337 
4907 
1471 
2175 
8810 
2779 
8460 
3887 
6780 
1438 
1714 
9787 
8393 
861 
5894 
8794 
200 
6387 
4096 
1980 
1363 
5856 
2429 
4290 
281 
2535 
1902 
370 
8524 
6607 
5032 
2788 
6723 
757 
1010 
520 
2858 
6456 
9882 
8125 
6334 
6668 
4832 
9659 
7233 
2024 
4553 
8811 
6892 
8328 
2030 
5465 
5959 
2620 
1258 
8505 
1475 
5031 
2527 
9935 
8657 
7952 
1794 
3733 
2328 
9476 
9691 
937 
3508 
9682 
790 
6060 
5185 
9950 
804 
9924 
8804 
5295 
7883 
875 
7602 
4641 
321 
8574 
5750 
6884 
965 
9567 
8816 
8283 
2039 
340 
3857 
557 
6667 
5 
3616 
5399 
6810 
2626 
2040 
7993 
5296 
9787 
1127 
8020 
8559 
5573 
7408 
3075 
1323 
5644 
6986 
3391 
1996 
3163 
7439 
7912 
1087 
2230 
1055 
7219 
2021 
4769 
7690 
7783 
514 
5990 
665 
3087 
5279 
2867 
582 
1611 
1129 
7785 
3871 
6767 
2336 
751 
4807 
6914 
6697 
8461 
3317 
4560 
9852 
7473 
8579 
1353 
2006 
397 
560 
384 
7673 
8327 
1806 
3837 
583 
9687 
2709 
5179 
7163 
8093 
4878 
3306 
4096 
2153 
8441 
7390 
2759 
3216 
840 
9214 
6677 
2750 
1250 
3446 
6915 
591 
5873 
3702 
6028 
4356 
547 
2705 
579 
1428 
7005 
2078 
507 
9945 
4291 
7931 
5372 
2815 
9825 
6069 
7461 
3064 
1782 
8545 
2372 
7114 
4499 
8758 
3088 
5551 
6289 
32 
4288 
3525 
2408 
5071 
6304 
8012 
1689 
2726 
5939 
9178 
4933 
6717 
4764 
7530 
4643 
3983 
9204 
3465 
1166 
5436 
7032 
8152 
1685 
1432 
1800 
205 
2857 
714 
1368 
3057 
5858 
2383 
6691 
2595 
9355 
4724 
2371 
8884 
1665 
8143 
2570 
4761 
9160 
1111 
9756 
1292 
6614 
5127 
4339 
91 
3797 
8864 
3305 
7592 
5094 
1940 
818 
3863 
4905 
1099 
576 
7843 
5462 
7713 
7996 
1577 
9799 
8310 
4612 
876 
8379 
4733 
8439 
7743 
8565 
9470 
9962 
1998 
1130 
1236 
71 
6358 
6231 
1887 
2089 
9016 
2569 
4035 
2818 
5850 
483 
7848 
3381 
565 
9756 
6856 
5692 
4024 
4910 
6788 
5330 
1508 
7815 
7423 
5130 
4078 
3948 
5153 
1783 
1264 
6577 
1333 
6546 
2313 
7827 
7499 
6647 
2600 
2751 
839 
4808 
309 
8583 
4209 
4377 
3800 
7012 
7027 
8114 
943 
543 
8574 
4912 
7452 
2342 
293 
5076 
6101 
9725 
5136 
6930 
4323 
1115 
826 
8595 
1620 
7097 
8468 
20 
441 
1734 
1856 
7413 
5000 
1814 
886 
3466 
970 
9118 
3522 
5518 
6958 
634 
164 
5659 
3461 
7943 
2735 
9859 
9764 
3929 
11 
1803 
5558 
358 
5972 
9130 
1559 
8937 
2248 
5470 
3786 
928 
4668 
3175 
4067 
863 
1128 
5243 
1885 
7115 
9094 
6240 
2006 
2735 
1671 
7957 
3438 
9754 
3294 
4681 
1868 
3743 
3987 
3650 
2969 
772 
9409 
4680 
8563 
9092 
2681 
1575 
6427 
893 
1549 
2720 
2503 
3874 
2869 
2377 
2737 
122 
9038 
537 
3478 
783 
2358 
1341 
439 
992 
2433 
3893 
8364 
4431 
423 
3335 
5404 
9668 
163 
3691 
2679 
2456 
8918 
3294 
9612 
5803 
82 
5824 
7219 
1535 
2128 
6693 
3332 
1947 
3338 
2280 
4078 
633 
7873 
1731 
2833 
4023 
5928 
7160 
1588 
3178 
6295 
875 
3632 
3510 
3642 
2693 
4803 
4775 
4799 
4739 
2670 
6220 
9771 
3109 
3207 
1991 
4070 
864 
7096 
4478 
58 
653 
8430 
6221 
9176 
8663 
907 
369 
8708 
1601 
7492 
8014 
2196 
7133 
6500 
5147 
6100 
7366 
7751 
945 
5013 
871 
1312 
6319 
969 
4353 
1843 
5929 
7480 
3945 
3836 
3220 
3647 
5064 
2006 
5099 
4684 
9754 
1333 
6862 
9315 
6879 
5645 
589 
2332 
9357 
4776 
1041 
179 
7004 
2420 
6708 
630 
265 
7634 
6660 
411 
179 
6424 
8725 
4759 
4145 
9744 
5596 
7704 
7466 
6663 
3972 
892 
75 
8863 
5020 
5447 
4581 
9229 
1703 
2833 
1180 
76 
1274 
2134 
4521 
8856 
6962 
3572 
649 
7348 
8652 
1217 
3132 
5557 
3835 
7458 
518 
1860 
7110 
9445 
1730 
7872 
3159 
7912 
10 
7401 
4445 
2879 
5440 
3351 
5770 
5138 
7081 
401 
9542 
141 
9212 
3494 
7450 
7679 
6135 
9783 
5622 
123 
3834 
9770 
3868 
7978 
8506 
9145 
2418 
4166 
5344 
257 
9364 
5008 
9095 
4468 
1120 
6540 
2738 
8424 
3592 
5376 
3460 
4598 
1459 
456 
9525 
3611 
300 
4869 
1683 
3418 
1746 
250 
2063 
7672 
7814 
5101 
4396 
8638 
9793 
1852 
9412 
6523 
139 
5061 
483 
9503 
2949 
508 
9978 
9553 
4048 
7754 
4797 
667 
7955 
8488 
9221 
2873 
6793 
6216 
5870 
7581 
4816 
8332 
8442 
2557 
2748 
3997 
6397 
6531 
1122 
3334 
1423 
1292 
2189 
4566 
3709 
4491 
380 
1409 
440 
9923 
706 
96 
4724 
5760 
1877 
7724 
6746 
4094 
9056 
9175 
6423 
752 
1777 
4723 
9979 
5803 
427 
681 
6331 
2633 
7445 
292 
9712 
38 
3065 
9171 
4693 
6102 
1318 
6090 
2092 
9101 
7982 
4914 
3258 
2342 
9689 
3572 
8630 
5405 
65 
9282 
7455 
9492 
420 
8927 
2835 
2401 
7925 
3089 
4104 
7598 
650 
9094 
7303 
7385 
5007 
2604 
7436 
1858 
6210 
6712 
9287 
3040 
1141 
32 
8494 
4795 
1472 
5057 
553 
2387 
7484 
6762 
1156 
5048 
7689 
1294 
6785 
9264 
1464 
7238 
4307 
6772 
9010 
1421 
9764 
6035 
31 
514 
7856 
5662 
2960 
1818 
1688 
1306 
7366 
5195 
448 
1121 
3688 
4818 
1809 
3170 
9825 
9917 
8872 
6748 
8608 
5794 
9685 
1382 
9190 
5527 
9613 
3579 
4412 
872 
120 
614 
378 
6628 
5491 
7802 
7552 
6335 
6415 
2621 
4689 
5458 
9985 
168 
9187 
1879 
8080 
3336 
3681 
669 
8330 
7536 
2890 
1082 
1311 
2901 
9023 
2276 
9076 
7825 
664 
1895 
3938 
3825 
3599 
9362 
3492 
9415 
2355 
8810 
3133 
6552 
4759 
3333 
7119 
2702 
1665 
6112 
8661 
1015 
3099 
2858 
874 
2277 
8325 
8358 
7824 
4349 
9105 
7117 
906 
168 
6886 
2554 
1474 
292 
3630 
2444 
1396 
8019 
584 
4168 
3424 
6283 
1143 
6644 
2716 
341 
1200 
2077 
3696 
9023 
208 
1170 
4233 
6682 
9091 
3511 
6231 
4332 
2894 
8835 
1390 
8719 
1351 
2834 
6600 
8256 
792 
8755 
2353 
288 
143 
3723 
8026 
4151 
5488 
5136 
4024 
8316 
4258 
6879 
8018 
1022 
750 
6679 
6982 
79 
5748 
508 
7156 
612 
229 
2597 
8737 
1366 
8714 
3565 
1269 
6803 
1787 
7558 
3133 
6510 
4249 
2402 
219 
3339 
5829 
6632 
1905 
1012 
918 
2309 
1770 
7062 
6855 
1304 
6849 
948 
2470 
5237 
375 
100 
2871 
7187 
9233 
7917 
7247 
6430 
2120 
4175 
9705 
8965 
9656 
5051 
8036 
5981 
737 
6183 
9347 
8108 
9145 
6427 
412 
1007 
7016 
8038 
7034 
8885 
2410 
8618 
7051 
1666 
6513 
556 
7890 
7773 
1088 
7333 
1606 
5026 
3873 
2228 
2945 
2240 
1456 
6201 
4722 
2156 
8398 
8635 
1308 
2925 
3839 
6179 
2821 
1998 
6668 
6767 
6183 
1343 
4162 
8800 
6434 
147 
8112 
588 
4280 
372 
6125 
9421 
7296 
3803 
7632 
3664 
7364 
264 
8919 
3863 
2210 
9472 
1169 
263 
8895 
5289 
3235 
5499 
1839 
7920 
22 
4143 
47 
9748 
679 
3590 
1179 
2953 
5798 
725 
1880 
150 
4248 
4837 
8972 
6359 
886 
5877 
6896 
2300 
4348 
8325 
949 
88 
5098 
7020 
140 
8562 
966 
8771 
316 
5031 
2759 
2984 
752 
8790 
6923 
8701 
5463 
7667 
9347 
5110 
9683 
8661 
7282 
6158 
4906 
4376 
4738 
1570 
9095 
5692 
895 
724 
6074 
8084 
8153 
8473 
6692 
6952 
7046 
3996 
1948 
8739 
1406 
4185 
6813 
9541 
7006 
3459 
7077 
3794 
9381 
1503 
4759 
5537 
666 
6806 
2522 
1454 
6676 
2599 
3432 
2472 
2560 
1347 
6337 
5620 
1919 
575 
2117 
3817 
9573 
2789 
9581 
5298 
4411 
563 
3123 
9455 
5886 
6346 
197 
1684 
5678 
1280 
8870 
2328 
6224 
9359 
1789 
4807 
572 
9973 
7460 
5521 
800 
4098 
4106 
1241 
1595 
2892 
5297 
6135 
8562 
382 
9681 
118 
1071 
244 
5427 
4070 
4909 
9457 
8151 
843 
8861 
2202 
9087 
1436 
3860 
4473 
5666 
9733 
8379 
10 
7881 
8566 
9614 
6497 
2597 
9874 
5997 
1378 
9799 
1729 
7646 
1159 
2327 
2222 
1529 
1582 
5854 
841 
1802 
5737 
2348 
8854 
1475 
5644 
4402 
1644 
935 
4722 
4121 
6215 
6736 
3720 
5017 
23 
2154 
9680 
6947 
2831 
326 
8368 
7272 
343 
1304 
3121 
1215 
1482 
5081 
9936 
5683 
840 
2373 
7280 
3347 
5221 
1374 
4902 
7424 
8120 
4584 
6300 
7346 
5086 
363 
191 
2803 
852 
7956 
6704 
5907 
2272 
1700 
7046 
8515 
2569 
400 
7883 
9194 
9690 
175 
8123 
1506 
5988 
9887 
2568 
8092 
3065 
1104 
8585 
1608 
9649 
9399 
6246 
846 
792 
3132 
4893 
1560 
9470 
2941 
8704 
6309 
2278 
7017 
9749 
5176 
5384 
486 
3445 
2726 
6719 
6107 
2573 
7372 
124 
2919 
8160 
1607 
9121 
4056 
7219 
9562 
1398 
820 
752 
6508 
4167 
9764 
2452 
759 
9604 
3876 
3200 
2441 
9472 
628 
9660 
8055 
9379 
4122 
8655 
4661 
4360 
3022 
7800 
2640 
5168 
6429 
5305 
3604 
3741 
4470 
2182 
278 
6615 
5136 
9626 
2604 
9658 
1362 
8339 
2415 
6902 
3913 
6865 
8368 
702 
502 
9115 
8800 
8762 
6861 
4282 
5927 
2485 
5751 
3003 
8590 
4960 
1761 
561 
1876 
6429 
5739 
1233 
829 
6004 
554 
6293 
6558 
866 
8182 
4410 
1539 
7860 
5356 
7218 
8377 
5361 
5454 
1298 
980 
6894 
6798 
1940 
2138 
2887 
1671 
2695 
1814 
1420 
6644 
2410 
7830 
7537 
406 
8517 
2974 
5582 
8898 
560 
3875 
2237 
8560 
8905 
144 
2591 
5822 
5395 
2068 
7527 
7916 
8546 
3474 
749 
1181 
9632 
4224 
5437 
8380 
3306 
6361 
5621 
9652 
179 
4795 
1034 
6327 
9024 
3785 
7748 
72 
1387 
9210 
4605 
9985 
913 
7704 
3126 
382 
4452 
2658 
9362 
2240 
6809 
9850 
3689 
6411 
8971 
7800 
1927 
3256 
4886 
1589 
5018 
1283 
2349 
6945 
5575 
6046 
9668 
2254 
4054 
5901 
3047 
835 
2417 
6328 
8673 
4538 
9577 
9420 
2758 
817 
9409 
3626 
2889 
1757 
7153 
6967 
5190 
6562 
2229 
8362 
1098 
3244 
5147 
113 
8246 
2074 
2361 
188 
8209 
990 
6900 
1824 
1730 
638 
9273 
2309 
1273 
4582 
8441 
9705 
3367 
4227 
2597 
3659 
8274 
9993 
4502 
3712 
5442 
591 
5367 
9378 
1991 
1758 
3465 
1100 
6352 
9893 
7278 
5760 
3253 
3448 
5071 
6897 
14 
6892 
9622 
1801 
9722 
8156 
5364 
9923 
7417 
3559 
236 
4770 
9762 
3440 
5478 
6665 
2190 
9117 
6750 
2833 
8459 
7337 
1043 
8358 
3226 
2658 
7064 
8922 
8098 
2236 
965 
9328 
1323 
7020 
1527 
9522 
3107 
1965 
4076 
4076 
2428 
9262 
4488 
8543 
539 
8434 
5139 
9455 
9819 
2222 
2633 
4405 
552 
4879 
2569 
4078 
117 
82 
9302 
6682 
1351 
3578 
8904 
5406 
5463 
3758 
4972 
6578 
6900 
3560 
2992 
851 
5070 
9239 
6664 
179 
5708 
3853 
5997 
6564 
6327 
834 
5656 
3392 
4701 
2895 
9115 
5140 
3584 
2724 
6264 
2433 
3540 
83 
8520 
570 
8628 
4530 
789 
3224 
5725 
2413 
3073 
4249 
2865 
3937 
8925 
4028 
8453 
499 
5874 
1623 
564 
567 
4844 
5474 
955 
6281 
2601 
3737 
2106 
9224 
8303 
413 
6041 
7973 
8595 
9412 
5089 
7609 
659 
565 
5054 
6076 
2733 
189 
6948 
1263 
5350 
2524 
8343 
2787 
1748 
1880 
6065 
7887 
5603 
9945 
208 
782 
6868 
1212 
5014 
5678 
9385 
9552 
9383 
9858 
1531 
9068 
6574 
2114 
5413 
3319 
6744 
1254 
5702 
8206 
375 
7198 
5330 
4482 
4097 
8749 
6978 
968 
1679 
2873 
1423 
9719 
2510 
5757 
3835 
8061 
785 
3495 
5401 
4090 
2173 
9194 
1647 
6899 
123 
1853 
5035 
5360 
9034 
5498 
7627 
1455 
1515 
4112 
180 
639 
2515 
2801 
3004 
6133 
2636 
9221 
480 
1323 
4292 
5254 
4574 
92 
1517 
3233 
3084 
185 
7707 
1355 
8576 
2808 
9161 
8714 
357 
4175 
8244 
5512 
2237 
6701 
3423 
5220 
7593 
7042 
9549 
5744 
8722 
1009 
3322 
9780 
1796 
5973 
67 
8633 
6542 
5034 
152 
9071 
2787 
2079 
4593 
9799 
3868 
8619 
3495 
970 
292 
8101 
8151 
1616 
7946 
9866 
3 
8426 
3347 
1658 
7536 
9225 
2805 
7308 
1736 
1012 
2477 
7430 
1801 
4406 
5274 
4229 
6021 
1566 
1247 
5931 
592 
7133 
7157 
9772 
2085 
508 
3975 
7392 
5074 
515 
5716 
7717 
3239 
6946 
2369 
3306 
2427 
1276 
1380 
4196 
9494 
231 
4314 
4140 
1240 
4702 
994 
5407 
369 
4895 
4351 
8750 
2615 
9582 
2762 
5324 
9204 
5600 
3086 
386 
7253 
2528 
1194 
6174 
5339 
3149 
3203 
9951 
1022 
1850 
1423 
6155 
4597 
9437 
2715 
2633 
4815 
8032 
2006 
9912 
2526 
9619 
3299 
1158 
8422 
9752 
315 
714 
3810 
3670 
8457 
7338 
6544 
1591 
3645 
2005 
8288 
8554 
3545 
411 
2041 
673 
759 
6816 
8660 
3172 
1168 
5821 
2575 
6524 
230 
9934 
5435 
7145 
3980 
8469 
6622 
3869 
1369 
7766 
2945 
7455 
4537 
9353 
1187 
8024 
5947 
1131 
8757 
9993 
1940 
9885 
5052 
467 
6362 
659 
9683 
670 
5082 
5766 
8182 
8691 
2275 
2355 
3960 
802 
3129 
5770 
7741 
1772 
5555 
6384 
2801 
4378 
4925 
3917 
271 
5764 
1830 
3087 
4266 
6219 
547 
2725 
6008 
6496 
1594 
4084 
6514 
4778 
6248 
8150 
1686 
6660 
7292 
9366 
3813 
1996 
1098 
5605 
3157 
2454 
7193 
1161 
5952 
2711 
4069 
9368 
4803 
7898 
6941 
8257 
8720 
9598 
3446 
8595 
1708 
3174 
3430 
1572 
2690 
9192 
1770 
9500 
6750 
8943 
9121 
2311 
4323 
4057 
4623 
1367 
3397 
8521 
8683 
7535 
288 
4342 
2801 
5961 
1103 
8362 
7777 
6177 
2406 
8884 
29 
1848 
3641 
8535 
9695 
9522 
4290 
1225 
3441 
5496 
654 
7668 
9683 
1687 
1201 
1160 
9593 
7295 
9838 
663 
6042 
1797 
3920 
7544 
8338 
4801 
7412 
7477 
7216 
10000 
6460 
3676 
1609 
7683 
8605 
6994 
132 
2414 
4850 
2875 
6668 
2667 
2599 
1348 
49 
3301 
9311 
1097 
9974 
9549 
239 
7023 
7204 
2152 
4736 
6972 
8743 
3374 
8352 
1945 
1756 
2029 
8402 
2727 
3113 
7684 
2554 
9351 
5332 
1113 
450 
4224 
4939 
2228 
4328 
2109 
443 
7649 
1597 
8045 
6120 
7905 
1511 
8289 
8188 
4889 
5312 
898 
1232 
2786 
6629 
9320 
7044 
2648 
4904 
8404 
5853 
4284 
5055 
22 
2274 
5634 
1859 
6200 
3662 
5171 
7809 
5697 
3633 
539 
7388 
2563 
7535 
220 
3113 
2606 
4159 
985 
1841 
1210 
3869 
7756 
6867 
6305 
9577 
1394 
3487 
6690 
1989 
1833 
2060 
4272 
8779 
9609 
3459 
4417 
1861 
2712 
7554 
9776 
7075 
5236 
5163 
8827 
7337 
9037 
7490 
661 
1134 
3959 
1362 
8949 
9407 
4925 
4536 
3221 
9465 
1417 
8054 
9956 
66 
2765 
5906 
9284 
4593 
7518 
7717 
5341 
9409 
8611 
9996 
88 
4610 
7546 
7018 
165 
9496 
7748 
4100 
5062 
9818 
2020 
2835 
6001 
372 
6243 
1494 
4002 
5974 
2255 
6126 
6951 
7779 
1432 
2544 
322 
307 
2993 
9014 
6283 
865 
1317 
2414 
8763 
5389 
7967 
8665 
5218 
9899 
593 
2622 
4801 
690 
4222 
533 
641 
9519 
5584 
5980 
1738 
4751 
9827 
1605 
7277 
904 
264 
6006 
7339 
2897 
3283 
5351 
3707 
3333 
7357 
8472 
1544 
6020 
2307 
9433 
7312 
9746 
3733 
8048 
9719 
4455 
6007 
3414 
4754 
2141 
435 
7082 
364 
9525 
8134 
4781 
9685 
9906 
8079 
548 
5598 
2955 
2019 
1113 
462 
8606 
5179 
986 
6095 
5656 
1060 
5033 
625 
7694 
4174 
1754 
8807 
4359 
9198 
1288 
2150 
5455 
4669 
3041 
201 
3174 
5862 
6789 
6543 
7791 
5612 
203 
2282 
7458 
6449 
8763 
3010 
6554 
8544 
853 
5393 
8136 
5572 
329 
5717 
4942 
5310 
7037 
9137 
1108 
6468 
4811 
9179 
3062 
236 
2943 
7951 
4964 
7013 
7917 
6603 
2257 
1679 
921 
9890 
6997 
7438 
2686 
8665 
1739 
5899 
8120 
4333 
8148 
8034 
8265 
6762 
7378 
4149 
9736 
9701 
5181 
6871 
9325 
9652 
9409 
1010 
7798 
1168 
5006 
7506 
9302 
6698 
1847 
8712 
7808 
8371 
8548 
5000 
880 
6659 
1265 
6540 
6451 
1427 
3996 
5326 
8170 
1554 
1738 
6849 
3147 
3108 
7282 
8617 
5488 
2686 
2561 
4479 
6694 
6555 
5333 
6878 
1230 
1115 
1490 
1064 
1280 
5759 
2704 
1 
4963 
7070 
4154 
3379 
5894 
1571 
368 
9641 
1291 
7036 
5607 
7652 
8646 
5581 
3428 
7993 
3107 
2091 
9732 
4513 
7869 
1665 
6055 
8280 
7607 
3918 
9728 
1166 
3671 
3701 
6439 
9689 
2934 
6364 
5816 
5712 
2882 
4973 
1105 
2322 
4188 
1001 
1255 
2717 
3994 
6960 
8786 
3208 
1142 
4217 
4524 
3066 
413 
8737 
3670 
1247 
8721 
9396 
1491 
3370 
935 
5765 
3115 
7694 
6410 
4620 
5274 
6452 
1926 
2066 
894 
1097 
5341 
391 
1804 
9053 
566 
3469 
2140 
548 
6633 
5643 
8616 
6776 
2565 
9786 
1057 
6166 
2938 
7147 
858 
2877 
2639 
832 
4171 
8498 
3389 
5534 
2400 
430 
2226 
8593 
5271 
7310 
4079 
3000 
8454 
7282 
8890 
485 
5890 
991 
3005 
2718 
5609 
7598 
8949 
7055 
7481 
5338 
3316 
3157 
4454 
5733 
7503 
9700 
5736 
8500 
8257 
4722 
8986 
5022 
8294 
3915 
4461 
5922 
8881 
3003 
4323 
9950 
343 
8694 
8821 
8056 
2833 
9252 
9949 
2169 
9502 
5325 
5820 
1917 
990 
2561 
6358 
2676 
9560 
9555 
2017 
4948 
3477 
5881 
7673 
5061 
6563 
9310 
6767 
8275 
9075 
960 
1685 
7680 
5451 
6243 
6100 
2720 
2309 
4363 
2470 
5211 
1614 
4070 
2572 
2670 
9016 
8576 
1497 
2521 
297 
2892 
6374 
5939 
3433 
9090 
1948 
690 
4312 
6908 
4109 
2099 
374 
3816 
8123 
248 
2824 
3817 
6511 
8501 
5706 
9094 
7619 
7826 
759 
841 
616 
3517 
2995 
3568 
8418 
469 
6514 
2432 
3015 
4255 
6126 
813 
2755 
3973 
741 
5220 
3095 
5970 
7640 
9362 
373 
8279 
5757 
6793 
2454 
3609 
1982 
5330 
8997 
273 
6025 
2342 
6449 
3994 
8750 
9059 
2046 
5335 
4163 
7902 
2532 
762 
5939 
1131 
815 
590 
362 
6374 
2877 
382 
1051 
9006 
1556 
1548 
91 
1396 
5482 
9867 
8179 
1345 
1050 
8117 
8418 
8893 
2949 
4486 
7417 
4649 
8159 
5087 
5581 
2022 
4670 
9940 
5336 
6507 
7071 
7070 
9608 
6115 
7296 
1145 
5470 
8844 
1175 
679 
1889 
4697 
7993 
9948 
489 
1793 
4612 
4384 
7028 
4431 
9382 
4528 
6516 
6320 
7220 
1309 
6718 
7288 
7252 
8187 
1469 
9789 
2243 
6323 
5758 
9337 
1039 
1522 
3842 
7517 
6814 
8216 
6990 
1225 
8773 
5674 
1486 
7717 
4130 
7409 
7326 
9275 
8627 
40 
9951 
9210 
5005 
9201 
4377 
884 
22 
9985 
6803 
4673 
4507 
3183 
2476 
4554 
2410 
4553 
1029 
8351 
7977 
4784 
8693 
5282 
2990 
9719 
1828 
5466 
3204 
7448 
3936 
129 
7181 
7790 
8011 
6534 
6442 
4812 
4507 
843 
804 
8965 
8489 
4007 
119 
7794 
2578 
3894 
6098 
735 
2745 
5524 
5016 
7390 
5603 
5862 
6658 
1138 
4090 
1618 
3515 
69 
2330 
81 
5154 
931 
1831 
3428 
2844 
1645 
2213 
1580 
9343 
5143 
8991 
1488 
4488 
9450 
9729 
3099 
5942 
4179 
8317 
6828 
7436 
2194 
1018 
5572 
4947 
8139 
1696 
2523 
1430 
1065 
1597 
7532 
4580 
1766 
1699 
8644 
6370 
2980 
7912 
1127 
3462 
6615 
5461 
9963 
1101 
3833 
1208 
7067 
3862 
4309 
3458 
9205 
5588 
3436 
777 
637 
9408 
9779 
7222 
9224 
8629 
3235 
2744 
8337 
8338 
679 
1520 
9015 
8332 
6786 
3939 
3901 
2905 
3398 
3132 
3128 
902 
238 
679 
4309 
930 
8005 
262 
449 
6209 
7277 
8176 
895 
9673 
1497 
1325 
6374 
5944 
9603 
4859 
3664 
157 
7207 
8813 
6060 
3658 
7413 
6247 
700 
8265 
9123 
3618 
3832 
4612 
4345 
8190 
6953 
1835 
228 
4443 
7503 
2417 
723 
4591 
5340 
7295 
2349 
3812 
2247 
592 
8505 
6183 
6601 
2915 
7268 
4714 
9379 
8125 
4527 
4402 
5942 
3748 
8270 
4922 
8538 
7637 
2683 
7406 
744 
7647 
9552 
8096 
8159 
950 
7168 
551 
3811 
7441 
5007 
3643 
8729 
636 
198 
8571 
3853 
8646 
4864 
2279 
7724 
2196 
2479 
4358 
4891 
5484 
4472 
8657 
4558 
1771 
930 
8374 
577 
3056 
6475 
6934 
6594 
4927 
3620 
1895 
2532 
3359 
4064 
7859 
6863 
6060 
3017 
7495 
203 
4693 
8682 
5413 
3464 
8879 
6470 
5682 
4729 
4913 
4976 
2824 
1124 
6886 
8384 
7526 
2196 
9134 
6805 
283 
6135 
8316 
3469 
4687 
6880 
5753 
2191 
9882 
5766 
4928 
7218 
2043 
7891 
3089 
2723 
8866 
2582 
5870 
5315 
7094 
3490 
5393 
3414 
1808 
8316 
2004 
725 
9374 
3265 
567 
1036 
6625 
5422 
7006 
6493 
7536 
7542 
640 
8444 
2290 
6480 
4457 
1137 
5991 
1701 
3944 
5673 
6544 
7446 
4482 
6981 
2627 
5589 
1134 
7034 
8072 
2599 
9767 
4479 
351 
6761 
5661 
514 
5287 
551 
2196 
3315 
8200 
9894 
419 
8263 
1275 
3659 
2710 
2263 
2892 
1106 
3756 
1534 
8735 
6809 
6874 
287 
3768 
1826 
8263 
6700 
8769 
4052 
9198 
5328 
504 
4810 
1871 
198 
1982 
163 
2542 
6480 
825 
160 
3874 
3473 
1107 
2810 
9671 
7235 
6521 
889 
940 
8994 
9341 
269 
1590 
3198 
85 
1081 
988 
2429 
6361 
9139 
2937 
2567 
3497 
1462 
7501 
1432 
1572 
353 
2012 
3842 
5938 
8181 
8941 
6745 
3516 
1354 
636 
5237 
3198 
522 
6457 
2051 
5884 
6580 
6327 
4532 
4762 
6923 
9901 
5084 
8002 
7941 
8 
1876 
9378 
541 
8 
9177 
4235 
9761 
958 
5179 
2148 
180 
8869 
9903 
2773 
2029 
5590 
5677 
3932 
326 
5953 
6627 
2267 
8110 
9627 
9488 
7368 
999 
9211 
1913 
8923 
6921 
3052 
2552 
9044 
8861 
4926 
4776 
7603 
1715 
8885 
3882 
7213 
1533 
1592 
5619 
5070 
5025 
5364 
508 
7810 
7003 
5926 
2257 
8778 
841 
3652 
6882 
6621 
4109 
5045 
6549 
741 
6159 
1092 
7505 
5310 
3016 
2481 
5957 
1850 
392 
8912 
9727 
8047 
5696 
5896 
8486 
215 
3081 
4406 
833 
304 
5339 
2023 
2093 
6554 
9911 
9713 
7450 
2091 
7902 
1611 
6238 
4222 
4887 
6768 
6034 
9072 
4285 
977 
4064 
1842 
3582 
2240 
3339 
9641 
2510 
4181 
8407 
7169 
850 
780 
6908 
8806 
4805 
7973 
2903 
3113 
8535 
2739 
7241 
9730 
5944 
9502 
1846 
5448 
417 
9105 
3816 
3146 
2028 
7868 
6826 
521 
8231 
7523 
4493 
3372 
3734 
7997 
7206 
203 
9374 
7239 
9837 
3252 
5722 
6654 
608 
5130 
9081 
1272 
4222 
6336 
7117 
5692 
621 
7954 
9214 
742 
7380 
1197 
7526 
8692 
49 
2754 
2131 
8731 
6581 
2535 
6440 
6978 
323 
5509 
539 
6309 
7109 
8267 
2024 
100 
1975 
122 
3069 
242 
9977 
631 
2221 
775 
8961 
588 
1357 
702 
5175 
7736 
138 
904 
4232 
1482 
2224 
8983 
6611 
5738 
9620 
2675 
6815 
2896 
9852 
745 
7059 
2090 
1265 
5654 
5692 
1994 
7332 
960 
6939 
2182 
8438 
4494 
1348 
1351 
6078 
1628 
3728 
1963 
1144 
2808 
716 
8803 
6304 
2247 
5208 
3509 
3115 
7489 
2121 
8554 
4734 
5840 
9943 
1041 
5684 
5349 
2991 
5499 
3389 
2819 
6690 
9709 
1034 
4674 
1413 
1858 
690 
9773 
8719 
3926 
2672 
1861 
4462 
428 
8546 
4412 
4915 
7224 
5915 
202 
5297 
2293 
3459 
1580 
6865 
8897 
66 
9295 
5329 
76 
840 
9898 
7200 
7245 
4424 
8290 
3636 
109 
4424 
547 
9445 
1754 
466 
9133 
6815 
8453 
9510 
2212 
9124 
4644 
7863 
8752 
4551 
7537 
7913 
6027 
2546 
4745 
1113 
3990 
3937 
477 
8437 
7124 
7285 
3509 
9408 
8701 
4418 
488 
7360 
2973 
8817 
1029 
9423 
9314 
2734 
8590 
6141 
3234 
2075 
9912 
2412 
6386 
6172 
6860 
6370 
6399 
857 
1288 
1915 
5081 
271 
3375 
5781 
276 
2143 
837 
7634 
118 
1005 
8228 
3194 
9691 
6131 
2650 
5286 
7940 
6331 
168 
3462 
9747 
7161 
788 
7708 
1040 
8367 
920 
3486 
3528 
2054 
5921 
3640 
9065 
5563 
3521 
4391 
7047 
592 
2413 
2671 
3130 
1495 
4944 
4774 
6958 
7067 
6662 
2951 
5233 
2567 
4434 
1185 
2104 
4156 
8648 
4437 
8731 
7424 
2292 
4763 
1860 
1705 
4113 
6606 
8820 
8502 
7587 
1099 
3215 
3367 
574 
630 
7483 
8672 
8636 
8565 
180 
921 
6731 
8163 
2267 
2785 
5180 
4334 
4274 
9222 
1253 
7977 
7394 
1551 
4400 
7627 
2229 
7299 
4954 
287 
844 
5855 
3093 
7426 
9243 
6516 
5734 
615 
3768 
3398 
3688 
1878 
8383 
3374 
2903 
5817 
8193 
1945 
3654 
9854 
2144 
3831 
5514 
4552 
277 
9805 
9820 
349 
1850 
5475 
6683 
2233 
8016 
774 
3943 
2970 
907 
8007 
5767 
8739 
6193 
155 
2565 
3945 
4206 
953 
8845 
1657 
6851 
1391 
1953 
8304 
2450 
6909 
3655 
1232 
5316 
4856 
9209 
2050 
1556 
953 
1156 
6383 
9601 
5564 
7658 
6485 
367 
6657 
1089 
5801 
5350 
5342 
2417 
7615 
3906 
9338 
1834 
579 
5698 
8852 
252 
1092 
5545 
2698 
5357 
2547 
1296 
1299 
5142 
3768 
5793 
2069 
3846 
3054 
5709 
607 
8141 
338 
1704 
433 
1266 
8984 
984 
3439 
1247 
3815 
122 
7826 
1072 
8328 
268 
5671 
3415 
1546 
8164 
4589 
2842 
32 
615 
9035 
1043 
161 
5395 
1848 
6607 
1720 
5606 
5441 
2913 
7746 
7077 
8151 
5020 
3555 
3686 
846 
5132 
5393 
7414 
2096 
1069 
7030 
8019 
6808 
7154 
3842 
3427 
5127 
256 
984 
2060 
2658 
9489 
6732 
7577 
5857 
449 
9932 
2171 
3217 
8644 
6612 
7798 
7780 
1918 
3927 
432 
2044 
7609 
8813 
118 
8676 
5491 
7967 
23 
3607 
3566 
5773 
838 
2166 
8126 
6937 
796 
2070 
3902 
906 
404 
4352 
1692 
1626 
1901 
3472 
88 
152 
6027 
5366 
7912 
3670 
9047 
7896 
7527 
6923 
5562 
3246 
9922 
3267 
8198 
3796 
8362 
1514 
5214 
5484 
7829 
2421 
5608 
1865 
1324 
8185 
1090 
1205 
8574 
9890 
7674 
9357 
6684 
3502 
3077 
1647 
2571 
1663 
9273 
8418 
2885 
652 
851 
5102 
2488 
8672 
6386 
5952 
870 
4394 
1593 
8472 
4355 
4507 
1665 
7483 
715 
459 
469 
8369 
2953 
8661 
5988 
407 
416 
9878 
1107 
2670 
1846 
8706 
1704 
7243 
5300 
5615 
5008 
9925 
3239 
6312 
6506 
7802 
6802 
5819 
7561 
906 
7386 
9420 
2214 
2442 
9113 
1535 
5756 
2483 
300 
5490 
2491 
9777 
7957 
4417 
1429 
6404 
5305 
9216 
3315 
8850 
5538 
5508 
673 
7010 
8606 
7466 
2398 
691 
1023 
6351 
9854 
3411 
9146 
2534 
7960 
488 
2712 
7766 
7783 
5499 
8007 
2617 
3677 
7000 
6825 
5870 
1739 
4432 
8900 
1223 
1931 
9639 
2449 
412 
2407 
6502 
5870 
1494 
3215 
2345 
3708 
165 
1590 
2994 
3777 
7307 
2149 
2372 
1319 
2958 
8231 
4058 
6011 
2058 
2428 
2462 
3694 
1069 
5046 
9186 
2200 
1913 
63 
1322 
4032 
9558 
4544 
3231 
8693 
6909 
5563 
1342 
2489 
7821 
2275 
8583 
9041 
3578 
2719 
1839 
8358 
1769 
699 
2878 
8934 
6054 
5238 
1234 
3316 
1534 
9045 
5018 
1156 
3781 
2767 
299 
4672 
258 
1646 
111 
9893 
8606 
1364 
5409 
310 
3496 
9492 
1650 
1849 
3107 
8453 
2407 
3637 
6934 
2403 
3065 
2250 
9388 
4990 
932 
9593 
9634 
2280 
4360 
8104 
9548 
2555 
6587 
9599 
1744 
3585 
3669 
365 
2329 
1690 
5890 
6500 
7749 
2745 
8356 
4425 
2967 
8983 
2286 
3349 
3110 
1407 
2106 
7815 
1532 
945 
3860 
2815 
8584 
2448 
1565 
6228 
1709 
4483 
5513 
431 
1328 
2151 
9585 
158 
2974 
1227 
7746 
2306 
4756 
2387 
5708 
913 
2149 
8630 
531 
69 
4103 
4928 
1106 
3867 
38 
449 
3171 
6885 
3520 
5323 
9064 
7864 
4680 
1064 
2629 
7935 
8243 
4450 
9924 
2934 
6285 
1049 
2320 
1520 
2309 
7921 
9866 
4610 
3261 
7025 
2583 
1685 
6267 
1029 
319 
2264 
4379 
8300 
5632 
9323 
427 
8603 
5673 
6197 
2029 
121 
3264 
959 
2568 
5041 
4828 
8743 
4391 
5843 
7340 
5391 
7353 
9699 
5070 
1355 
9759 
5720 
7496 
3542 
3409 
2462 
5315 
8477 
9338 
4613 
7163 
4034 
4439 
8063 
2129 
794 
2636 
5862 
7432 
7504 
7999 
6564 
9131 
1248 
8571 
3913 
1382 
6013 
447 
4457 
7481 
4444 
1484 
9883 
712 
9062 
7418 
1755 
9117 
4362 
1619 
3113 
4532 
8537 
8774 
1400 
7246 
3144 
7302 
4415 
1535 
9185 
7385 
2508 
209 
498 
8185 
2716 
4942 
3564 
2999 
5316 
1337 
2485 
195 
2763 
4054 
8055 
3796 
8893 
62 
5392 
4310 
2218 
3660 
9504 
8567 
7156 
3458 
7277 
3210 
2757 
7285 
6770 
7189 
1047 
2892 
155 
1746 
554 
3829 
5675 
8337 
9010 
2800 
6007 
5732 
2295 
195 
3945 
9969 
4707 
8404 
6189 
1348 
5654 
4082 
1687 
9803 
261 
5116 
1915 
5624 
5943 
8312 
9107 
4723 
8439 
94 
269 
4149 
2117 
1306 
5291 
7869 
5893 
1646 
9153 
4319 
31 
8189 
6538 
1440 
3645 
2481 
9459 
3052 
9072 
6182 
8990 
2081 
6491 
7421 
6625 
8961 
6485 
4634 
6965 
1987 
7323 
1110 
4503 
1138 
1245 
414 
1738 
2156 
5469 
5729 
6915 
5797 
2835 
6246 
4796 
2866 
6539 
9780 
2593 
3358 
6197 
9497 
1702 
6920 
6308 
9188 
4591 
4019 
2208 
9882 
9191 
3525 
6724 
8852 
138 
4841 
9856 
4415 
3498 
5373 
8088 
7595 
3438 
9157 
5028 
653 
2990 
5285 
606 
1406 
5528 
2587 
2679 
9945 
3726 
3923 
5490 
5616 
918 
2448 
86 
5768 
3785 
1338 
9281 
2617 
3604 
3771 
9024 
9119 
2666 
849 
3256 
635 
6480 
4239 
9008 
2387 
80 
7819 
3909 
7613 
5655 
7441 
7780 
1528 
2582 
1839 
8963 
1060 
8789 
5048 
3481 
8693 
2363 
2737 
4018 
851 
2183 
2822 
3436 
5021 
2187 
9990 
8556 
9090 
187 
35 
3561 
2198 
3106 
8739 
6432 
9507 
5678 
8242 
8847 
5701 
2175 
270 
8042 
5181 
7772 
6233 
6601 
5903 
5694 
1418 
3575 
7316 
2306 
7740 
4164 
697 
6923 
590 
6260 
6350 
2318 
3618 
1087 
3832 
8261 
5470 
6239 
9039 
221 
1693 
7909 
3697 
24 
735 
4884 
5101 
3819 
4037 
2804 
1032 
5392 
2998 
9744 
460 
1254 
653 
5897 
3876 
9820 
2360 
3953 
4961 
4250 
6746 
3136 
3576 
5352 
3514 
7779 
2850 
4756 
2579 
5080 
4202 
2801 
66 
803 
3251 
9267 
2875 
6300 
8560 
3924 
1172 
9630 
6809 
5457 
71 
9706 
5901 
2973 
324 
1138 
5546 
3741 
6493 
2110 
4102 
571 
7529 
4651 
8426 
1140 
370 
9622 
1218 
5258 
9783 
7958 
8447 
4530 
3547 
448 
2117 
1207 
8788 
5024 
4813 
2197 
892 
7511 
1732 
2095 
1427 
8167 
5113 
4937 
1851 
6792 
3 
959 
5786 
1303 
4105 
4844 
8156 
1650 
3432 
4068 
9487 
429 
1425 
7482 
4933 
2224 
1721 
6938 
6774 
8566 
8231 
7905 
8859 
3152 
2713 
9280 
6228 
1776 
7055 
8366 
5426 
2350 
3950 
2706 
174 
5799 
142 
7724 
4336 
3193 
7613 
6749 
5161 
7608 
5466 
5771 
602 
9452 
5467 
8270 
746 
9281 
5511 
9862 
6100 
8549 
3804 
7474 
8903 
7854 
1147 
2634 
676 
7569 
4999 
5622 
1731 
892 
4874 
789 
4767 
1597 
6912 
4439 
4709 
808 
4073 
7267 
4969 
9109 
3371 
434 
7169 
9807 
5950 
1730 
1128 
7543 
9118 
1540 
7244 
7599 
8013 
5503 
208 
2080 
1358 
3131 
9579 
9108 
5787 
358 
615 
1660 
864 
194 
8580 
4956 
526 
2388 
3298 
7322 
6297 
7815 
3354 
9170 
2459 
791 
6070 
2053 
3614 
7191 
8196 
9669 
197 
3884 
3015 
203 
9316 
7807 
7525 
3202 
9523 
4671 
4970 
7961 
2624 
2380 
4676 
1364 
8330 
701 
2774 
5531 
4262 
5643 
8533 
10 
4334 
9012 
2206 
3151 
1405 
3753 
9549 
5264 
5556 
2769 
8935 
4338 
4312 
3076 
4690 
8467 
5265 
5584 
4536 
2529 
1725 
4055 
6215 
9424 
763 
926 
1427 
7097 
897 
8304 
19 
8581 
4487 
8138 
8896 
8294 
1913 
9708 
5482 
7502 
3865 
6302 
1426 
3270 
938 
8745 
2112 
4888 
2422 
1337 
4095 
8246 
1321 
6354 
5564 
3217 
5795 
5400 
3675 
6226 
7914 
1029 
7043 
293 
7750 
4599 
1884 
3017 
2020 
1616 
9320 
5889 
1284 
2244 
5863 
9398 
6330 
8238 
4449 
530 
2944 
1019 
5889 
1607 
8179 
9565 
1476 
7670 
7778 
4538 
318 
9048 
1714 
5435 
6917 
4169 
1500 
8445 
1603 
7544 
6685 
723 
2472 
776 
2053 
1970 
8471 
4274 
7849 
4131 
4436 
2608 
705 
2869 
4700 
5492 
8219 
7593 
6318 
8559 
6374 
676 
234 
7002 
9544 
2288 
1641 
2849 
568 
571 
8260 
7411 
7252 
6359 
2731 
1667 
9565 
6008 
1856 
7530 
5398 
9849 
2266 
1955 
424 
1511 
7235 
6397 
977 
5188 
6073 
3580 
5937 
9766 
6993 
6217 
5036 
438 
5759 
2590 
5098 
6562 
6752 
74 
8682 
1466 
2576 
6147 
3594 
5734 
6708 
3487 
3569 
2431 
673 
3017 
5974 
6882 
3811 
9971 
9606 
9024 
3112 
1278 
1666 
1377 
2242 
8131 
2670 
652 
8504 
8798 
9923 
4544 
5589 
6606 
2318 
911 
1496 
3719 
7534 
8909 
1170 
1775 
2266 
3605 
7083 
6628 
4841 
6373 
1134 
9941 
873 
9389 
6184 
3812 
2377 
1460 
6781 
6106 
6078 
1778 
9955 
499 
2418 
7335 
9669 
1694 
5888 
403 
1969 
7503 
8393 
9676 
8698 
1180 
6082 
7644 
6999 
3 
5363 
2688 
9523 
1955 
698 
4649 
4891 
5262 
6038 
2351 
2258 
9886 
2509 
4585 
3808 
7564 
7415 
8598 
1967 
3642 
7968 
9272 
1789 
1467 
9561 
5795 
1901 
9638 
4920 
738 
7846 
1207 
564 
451 
2914 
2509 
8617 
7862 
7984 
7789 
1466 
7234 
2242 
4525 
8362 
7920 
5680 
1786 
7826 
5613 
147 
7139 
9054 
3229 
5131 
8731 
8048 
8643 
7002 
3163 
3372 
2697 
2358 
222 
6010 
5134 
1627 
4484 
5015 
163 
5063 
9935 
6628 
5677 
5612 
2537 
5349 
2551 
9266 
5804 
179 
4813 
9954 
6024 
7723 
7138 
9787 
8800 
13 
8746 
3841 
6925 
6878 
6945 
7961 
5114 
1959 
1362 
2367 
4375 
9427 
1840 
7648 
6630 
7572 
6401 
3168 
8977 
7103 
7326 
4646 
5874 
2923 
3477 
3514 
2217 
8934 
3943 
2702 
2025 
9697 
4714 
1410 
6939 
1727 
6056 
2926 
330 
6745 
9070 
2685 
7830 
7773 
6798 
5340 
6417 
5035 
6205 
2095 
6357 
3638 
246 
1052 
4636 
2585 
5269 
9342 
6790 
6800 
2973 
1667 
2375 
3258 
9842 
2318 
1142 
3358 
3456 
9142 
2239 
3395 
5650 
2053 
8577 
9590 
9788 
6890 
6993 
7831 
3810 
4888 
2501 
8588 
5694 
3028 
3882 
7613 
3005 
9563 
7199 
3511 
5475 
3626 
5736 
7706 
5507 
20 
2780 
3595 
8952 
7647 
9751 
7474 
6575 
5255 
2265 
2492 
250 
1898 
6900 
8394 
8782 
1498 
4386 
3665 
1670 
2575 
6253 
1768 
7582 
2690 
8981 
5949 
8009 
6371 
8846 
6432 
6699 
4356 
2559 
5110 
8736 
7563 
6468 
2008 
3699 
1764 
5389 
1553 
168 
9117 
8300 
1075 
4307 
9960 
5371 
5267 
7022 
7004 
8004 
729 
1815 
852 
9591 
6305 
9055 
6847 
2056 
6444 
332 
7086 
6494 
2496 
9848 
9929 
6837 
2563 
2496 
1899 
829 
9924 
8982 
913 
2505 
1075 
2720 
1919 
9664 
644 
2519 
2779 
1775 
9328 
3832 
2560 
101 
5923 
710 
2844 
4870 
1135 
1398 
8051 
6985 
5656 
1249 
9402 
4458 
9398 
4822 
9596 
5081 
1606 
1445 
3272 
4441 
9977 
9973 
945 
7858 
3427 
7007 
2749 
9359 
4941 
9217 
9942 
5200 
2532 
3149 
8540 
7641 
280 
1271 
706 
2817 
6414 
7210 
1484 
3780 
3614 
8915 
2407 
1026 
5285 
4228 
1329 
2654 
213 
2867 
3149 
9695 
8096 
8489 
3376 
626 
9633 
6099 
1511 
3191 
7475 
4004 
4495 
4336 
4503 
3249 
427 
1925 
210 
6691 
833 
5634 
2701 
6633 
2573 
7927 
7731 
2084 
8301 
2071 
3367 
2889 
4867 
3001 
1052 
1346 
1974 
7370 
9082 
61 
9394 
1530 
5712 
8987 
4883 
3611 
3580 
8707 
3438 
7557 
8869 
9501 
8488 
7236 
7762 
679 
4877 
8664 
2096 
1683 
9322 
4004 
7407 
6839 
7748 
7519 
4005 
3579 
5007 
9463 
9818 
1999 
2103 
1289 
1355 
4659 
266 
6666 
904 
2637 
9580 
7649 
2294 
6294 
3570 
3882 
6285 
8445 
6023 
9733 
682 
547 
7610 
7845 
8382 
669 
2590 
1074 
3357 
4037 
8089 
5927 
7521 
9193 
1766 
4388 
3828 
9499 
7587 
9389 
714 
1951 
5075 
986 
5077 
2416 
7117 
8325 
2142 
2636 
6332 
1247 
1107 
2579 
1069 
7675 
7027 
3948 
8275 
641 
9124 
3487 
2150 
2172 
4253 
8076 
4128 
1900 
2780 
5603 
1871 
5749 
1938 
8874 
2534 
7198 
2658 
1291 
1019 
5860 
7286 
5106 
9738 
5237 
5674 
5299 
2913 
8421 
2158 
2626 
8370 
2347 
6632 
778 
7269 
1685 
160 
8695 
6851 
8512 
7634 
5915 
7292 
8865 
1584 
3085 
8178 
608 
8558 
9957 
6315 
6471 
5588 
4097 
9331 
1815 
7535 
5380 
5512 
5859 
6208 
9041 
4524 
7635 
1435 
6676 
5446 
2642 
7305 
4714 
5681 
8064 
5271 
5300 
9948 
5473 
277 
6808 
4616 
3613 
3751 
4608 
2126 
8222 
4536 
1465 
9046 
245 
6226 
7572 
7617 
4917 
3527 
6377 
304 
7094 
8860 
2799 
1226 
1299 
8600 
3413 
2746 
9709 
7881 
9469 
8478 
1462 
5023 
6955 
8073 
2230 
7296 
5051 
2258 
8330 
8002 
2680 
9204 
640 
4900 
5781 
1596 
9676 
9317 
6968 
1822 
470 
1691 
4378 
3839 
297 
3342 
1225 
3788 
54 
6810 
7750 
3442 
8031 
1985 
1287 
8388 
4396 
4630 
7478 
3065 
4858 
707 
9600 
6507 
2263 
3092 
295 
665 
9527 
2393 
4000 
5414 
1122 
8024 
3030 
6135 
1427 
7209 
8197 
6473 
8251 
9785 
5855 
1785 
8300 
8168 
1179 
1786 
6126 
2042 
1697 
1122 
7790 
986 
7696 
8509 
762 
3954 
5016 
2729 
8550 
724 
9808 
2728 
7722 
7876 
2289 
9042 
1793 
6731 
5225 
3776 
8140 
8150 
5881 
1298 
1773 
6965 
1623 
3641 
2589 
7741 
8365 
2782 
2422 
1863 
1592 
1913 
7097 
4254 
7466 
1003 
6137 
3125 
7576 
1797 
9166 
4878 
5469 
5406 
5956 
356 
2357 
3361 
4409 
9634 
3539 
8925 
1571 
8153 
2300 
7411 
9799 
782 
2825 
1851 
1507 
4442 
9529 
4272 
9685 
9913 
1548 
7855 
6369 
4795 
2409 
7036 
6895 
3510 
8873 
4461 
3787 
4610 
6026 
8205 
5363 
44 
925 
2458 
1660 
9587 
8200 
2935 
5694 
9374 
8501 
219 
340 
676 
7825 
7824 
2253 
466 
4782 
2037 
1405 
7321 
1954 
9245 
7036 
173 
8581 
750 
1542 
5175 
3511 
3203 
8457 
2644 
983 
6074 
2394 
3812 
701 
1974 
9057 
7035 
2434 
3389 
6137 
7204 
4722 
4587 
449 
6297 
1073 
5918 
9789 
8668 
4083 
73 
1029 
9346 
2594 
6273 
7397 
1346 
1244 
6867 
1995 
474 
8578 
331 
6045 
4218 
7562 
1598 
2288 
1975 
814 
6018 
9730 
8746 
4844 
6800 
8001 
9710 
708 
5481 
9218 
4886 
1980 
318 
2235 
1893 
5295 
1111 
7608 
6035 
3737 
1325 
3434 
9567 
9421 
2175 
195 
7815 
2928 
801 
1404 
6017 
6219 
9144 
8336 
6406 
893 
2016 
3326 
3858 
7591 
3094 
5466 
3942 
5214 
1630 
7628 
598 
4684 
6190 
4816 
1307 
191 
2321 
1077 
2961 
2840 
6630 
4350 
5226 
7326 
2190 
4340 
1834 
9305 
4657 
17 
441 
7495 
1401 
151 
5508 
6474 
7510 
6231 
4652 
9735 
4809 
570 
789 
2377 
7128 
5276 
7305 
7885 
7520 
9612 
1154 
4548 
638 
8861 
8995 
9363 
9221 
9880 
1248 
2646 
828 
1992 
9186 
121 
3581 
1356 
7812 
4029 
8327 
56 
7752 
5114 
4269 
2500 
8019 
839 
7621 
7164 
8861 
483 
9897 
111 
2722 
6639 
4761 
464 
6979 
9570 
1735 
424 
6933 
9668 
9546 
7858 
129 
3395 
6956 
3437 
3075 
545 
4299 
1870 
6523 
7300 
8044 
6779 
383 
9989 
515 
3969 
3351 
8033 
4348 
7262 
5391 
7595 
3174 
5048 
1721 
2088 
1491 
4757 
712 
178 
1849 
6528 
7142 
21 
4612 
2043 
1679 
4389 
5026 
7447 
1700 
8630 
549 
3150 
2361 
2291 
2276 
3865 
8375 
1432 
9386 
2138 
507 
3975 
3669 
6580 
6613 
9143 
8329 
8046 
8026 
368 
9627 
4371 
4946 
1856 
487 
3669 
5930 
5849 
2026 
7253 
4867 
2289 
2584 
9437 
3122 
2129 
215 
342 
1310 
6263 
7138 
6658 
5797 
4260 
3191 
5412 
5895 
414 
8473 
9075 
5161 
46 
1151 
5834 
7412 
7139 
7668 
1195 
6211 
1598 
4901 
7063 
5689 
7844 
5797 
2616 
7144 
7504 
796 
8808 
4219 
654 
3348 
7430 
9837 
7776 
2299 
1048 
5728 
893 
1764 
244 
327 
2637 
1078 
1750 
9260 
7726 
91 
1117 
2059 
9155 
2402 
1806 
1284 
4016 
989 
3279 
5293 
7262 
9636 
8285 
2782 
189 
5680 
3607 
7588 
3005 
2401 
6609 
3119 
1956 
7193 
338 
2579 
7948 
7678 
6565 
1594 
9090 
5308 
6316 
9392 
9656 
1361 
2792 
1318 
371 
9807 
8403 
4817 
2174 
7661 
8647 
3528 
229 
7111 
6260 
5929 
2042 
4057 
6061 
1460 
4132 
4600 
4523 
126 
2171 
2841 
3881 
4671 
5854 
2792 
6055 
2212 
621 
6066 
2183 
2911 
95 
283 
1347 
2114 
3853 
7721 
1685 
2136 
9125 
2535 
2845 
4284 
7832 
1444 
2526 
527 
8796 
209 
1585 
6486 
2347 
7606 
5377 
9594 
722 
94 
446 
9207 
1491 
6118 
1291 
5725 
2755 
2370 
6319 
1666 
7532 
3512 
39 
670 
5005 
7698 
4434 
9533 
2469 
7889 
2740 
945 
3708 
9397 
6692 
2637 
7434 
1094 
4654 
1083 
8318 
3918 
8753 
7143 
7016 
7500 
2274 
4114 
9839 
1330 
6679 
7104 
7596 
648 
2733 
9274 
685 
7496 
180 
6637 
1667 
4800 
9821 
9720 
5780 
2851 
5858 
2098 
4474 
7111 
6158 
242 
1346 
4584 
3857 
9174 
1102 
2580 
6446 
509 
5380 
1581 
6636 
5676 
2044 
2827 
2408 
12 
7062 
439 
6689 
4170 
4753 
2737 
507 
3015 
7237 
8715 
4253 
8614 
9658 
4779 
3491 
7328 
7199 
6029 
2253 
2067 
1269 
110 
8734 
9262 
865 
1155 
9549 
8247 
9725 
128 
2551 
3029 
4183 
8657 
5883 
9862 
2976 
8645 
7917 
7835 
4990 
7677 
660 
2935 
2795 
5137 
8332 
3444 
1348 
8572 
6821 
4510 
4187 
9691 
7682 
2805 
326 
4466 
9626 
4831 
1405 
6247 
4106 
3156 
8480 
7893 
8834 
5057 
2894 
7546 
6019 
4805 
4031 
2346 
247 
8807 
7308 
74 
4282 
3310 
113 
8917 
6825 
3271 
4610 
74 
8218 
2723 
2483 
2316 
7460 
6294 
8702 
6801 
562 
3305 
7233 
3043 
228 
7481 
2989 
6386 
7934 
6470 
1273 
1712 
9031 
9749 
3005 
7860 
5787 
798 
7271 
7384 
2378 
1503 
9209 
6395 
8887 
6983 
9672 
6352 
2793 
9883 
6847 
5484 
7326 
5 
4107 
2620 
1139 
5712 
5357 
2957 
397 
3453 
8938 
5618 
4947 
1201 
6078 
385 
3681 
3397 
9141 
7910 
2743 
5973 
5504 
9103 
7384 
1633 
2310 
7374 
6219 
9231 
225 
5146 
654 
1703 
1917 
8751 
3486 
7477 
172 
6969 
9296 
5531 
6708 
3053 
1243 
7756 
3567 
1456 
2411 
2210 
3963 
814 
800 
5369 
4632 
6100 
9485 
7410 
5500 
7030 
4714 
1585 
6834 
6715 
5954 
4927 
1559 
7180 
1109 
1352 
5068 
3448 
5831 
3326 
6806 
1091 
8623 
9317 
4433 
194 
8345 
1957 
6361 
2800 
277 
3691 
9647 
604 
118 
360 
2427 
8889 
6100 
7809 
8292 
5805 
9482 
5357 
313 
35 
8697 
602 
2987 
9337 
5891 
6616 
6145 
1490 
336 
7708 
8483 
7637 
396 
3742 
9039 
1420 
2359 
6860 
1687 
518 
596 
8453 
5425 
1830 
123 
7919 
9830 
8882 
6647 
9522 
7380 
1364 
4552 
8266 
6028 
2428 
6210 
8792 
9716 
1324 
4317 
1137 
6373 
2907 
2163 
590 
6622 
6147 
5237 
1643 
1040 
6291 
3078 
3272 
7680 
9421 
7374 
2779 
5832 
489 
3704 
5868 
38 
7760 
6132 
4840 
9900 
9666 
7142 
4094 
1662 
6817 
6582 
3125 
680 
9811 
862 
8068 
4581 
4532 
7327 
3960 
6072 
3058 
1644 
7250 
8759 
3311 
2061 
2406 
4299 
5394 
6061 
925 
9186 
502 
1741 
1668 
6701 
8842 
5423 
1451 
2514 
3343 
2299 
4647 
4826 
7470 
4557 
6432 
2004 
3279 
5125 
3348 
2609 
6803 
5686 
1970 
7382 
1531 
312 
4895 
4078 
8142 
9975 
373 
405 
8951 
6065 
3711 
9374 
4132 
6939 
5102 
877 
7128 
7485 
1991 
8621 
4154 
465 
6787 
2668 
2709 
8744 
189 
9018 
2662 
6517 
5400 
3118 
1264 
3568 
262 
8705 
5195 
8084 
3506 
1825 
4385 
178 
2311 
15 
8864 
2892 
1207 
4513 
8011 
74 
597 
1024 
7289 
9417 
6619 
123 
3988 
215 
6789 
5587 
6619 
1832 
6356 
1918 
545 
5188 
2140 
4260 
9403 
2182 
3238 
6260 
6166 
1535 
2430 
9872 
4447 
9169 
4006 
333 
2217 
8852 
2290 
6308 
2378 
8629 
7034 
5379 
2974 
9650 
6299 
6221 
8275 
4639 
38 
582 
1019 
2148 
5008 
1512 
7230 
2141 
1632 
4609 
5573 
5672 
948 
2738 
1440 
2506 
9660 
6097 
9584 
6219 
2509 
664 
4078 
3397 
2751 
292 
834 
3545 
2720 
8439 
6381 
5403 
799 
7830 
720 
5041 
2498 
9308 
8754 
6983 
1600 
2453 
4734 
46 
7287 
7092 
1251 
3256 
5176 
413 
1874 
957 
7542 
6668 
659 
6474 
411 
332 
657 
4781 
7506 
8913 
6073 
9898 
8302 
3231 
9599 
841 
4626 
1184 
7673 
9350 
2439 
5154 
9394 
5727 
5561 
7798 
9976 
922 
1178 
6578 
6158 
5468 
2829 
7744 
4011 
3155 
1964 
7357 
6377 
5389 
1891 
2395 
567 
3054 
4131 
2735 
2920 
2910 
2256 
3220 
6834 
1033 
7059 
1062 
4447 
4637 
729 
5032 
9023 
5856 
210 
3199 
1429 
1303 
2963 
932 
5173 
3424 
1284 
9606 
1084 
2713 
4562 
2789 
2232 
8950 
9023 
5912 
5100 
2687 
9869 
6185 
2701 
1904 
4758 
5540 
5639 
616 
6903 
3659 
6185 
4794 
5665 
804 
7525 
3631 
615 
5193 
6034 
5345 
5858 
6167 
3177 
6017 
2288 
384 
9819 
4211 
9024 
1482 
4169 
6301 
3864 
1693 
8123 
987 
3984 
4169 
7866 
8350 
9044 
9390 
1173 
856 
1781 
770 
672 
5698 
2073 
7566 
2096 
6135 
9559 
5281 
1281 
8182 
988 
9083 
5696 
5683 
2104 
3475 
7313 
5191 
8721 
4979 
4026 
923 
1263 
614 
9638 
6145 
5727 
1553 
6244 
779 
1953 
855 
6245 
8210 
8313 
4243 
3553 
3857 
4337 
8802 
3794 
8471 
4661 
3638 
5848 
2760 
4310 
3381 
9795 
5484 
841 
424 
3260 
735 
9509 
2156 
317 
1456 
7448 
8628 
3876 
4914 
5954 
5205 
7700 
4414 
2856 
5033 
3140 
8495 
4066 
2204 
6574 
6996 
1998 
3490 
2641 
9521 
9147 
7999 
8800 
1391 
4702 
8797 
2289 
5831 
785 
2458 
8414 
2587 
15 
9944 
9095 
2766 
7177 
1579 
4878 
9478 
6677 
6126 
5514 
5345 
6233 
7343 
788 
3021 
9764 
3390 
2061 
5359 
9894 
3281 
2359 
6269 
1170 
6179 
3959 
2468 
8003 
1569 
8825 
1459 
6693 
1212 
6076 
1917 
2631 
4122 
6770 
4955 
8832 
1796 
1713 
7160 
4711 
2457 
9525 
6659 
1113 
7242 
2011 
4352 
4518 
1564 
2120 
4328 
3029 
569 
1968 
517 
460 
3151 
7295 
4678 
3288 
4528 
8147 
7409 
5707 
7824 
5984 
3244 
9225 
3770 
859 
9235 
1450 
9404 
6720 
9941 
2812 
5334 
172 
8662 
7374 
8799 
8883 
6159 
8373 
9120 
6395 
4538 
3834 
7254 
8719 
4166 
7530 
8372 
6717 
4057 
6182 
9599 
5976 
361 
2449 
9089 
3991 
8786 
3092 
3655 
2692 
211 
3549 
8803 
7215 
6833 
8123 
1786 
9832 
1506 
7220 
7062 
3704 
1635 
7423 
7541 
1609 
995 
763 
9305 
2345 
1365 
4678 
1670 
2123 
7010 
3943 
1176 
5766 
6645 
1588 
7066 
1380 
2269 
92 
7935 
6355 
6559 
1119 
9245 
7464 
8193 
433 
3245 
6744 
6368 
4139 
4061 
2557 
9851 
713 
3038 
9207 
2454 
973 
950 
7880 
3672 
2763 
9839 
1686 
7261 
3579 
5110 
5869 
692 
5594 
6636 
2731 
3618 
1561 
745 
1730 
3197 
5260 
8436 
1977 
8610 
3276 
476 
8380 
9040 
5958 
7203 
631 
1291 
5690 
7966 
3087 
1049 
1581 
1270 
6409 
4232 
3783 
2409 
97 
7511 
9590 
2426 
6788 
5705 
8265 
9469 
662 
9877 
5334 
4252 
3949 
4616 
516 
6836 
2900 
6017 
4225 
1976 
5258 
996 
1373 
8558 
9504 
5160 
2222 
5277 
8206 
2008 
6074 
4437 
1615 
5606 
2464 
9207 
9200 
1364 
6431 
7753 
3141 
5209 
7901 
8691 
7428 
2562 
2386 
6804 
167 
1854 
6858 
9454 
6414 
1073 
5879 
6022 
6972 
1170 
7356 
8053 
1734 
1421 
2403 
282 
2663 
1473 
6520 
4501 
414 
5523 
412 
1549 
5501 
7018 
3827 
3371 
6956 
5937 
7334 
7661 
2309 
8472 
1586 
5348 
1046 
1874 
1751 
1734 
8946 
5096 
1578 
6637 
5263 
9685 
9411 
950 
8025 
5225 
4911 
2211 
5566 
3959 
2639 
3193 
6624 
5046 
3127 
6291 
8999 
147 
1889 
5837 
5068 
6941 
4216 
1754 
1407 
136 
9613 
6223 
802 
2107 
7557 
7221 
683 
4866 
1816 
5531 
1638 
1661 
7172 
2625 
640 
7135 
7464 
3102 
78 
7119 
9434 
6299 
9172 
4218 
1730 
1382 
574 
4719 
5244 
7152 
9978 
8978 
9241 
8096 
5996 
3754 
4351 
9614 
6265 
1411 
724 
9496 
9357 
5357 
3687 
9648 
773 
827 
4552 
6379 
4741 
2980 
4459 
6932 
8403 
790 
6153 
5191 
106 
110 
6014 
8103 
1784 
5137 
1260 
5113 
7137 
9670 
7398 
7238 
6666 
5689 
6390 
7469 
2350 
8345 
6761 
8031 
1948 
9963 
8253 
3441 
1415 
3222 
4602 
4269 
9541 
6117 
8070 
81 
3024 
7800 
1487 
3086 
3768 
8963 
5445 
4186 
447 
1405 
8524 
2671 
156 
9378 
7151 
4922 
3705 
3506 
9544 
4446 
997 
3088 
3769 
2158 
7283 
4820 
9879 
9078 
6280 
5609 
9545 
6946 
609 
8863 
5773 
4197 
6491 
7194 
5188 
3076 
1304 
4129 
401 
9336 
8625 
3312 
493 
3712 
7359 
7335 
8806 
6413 
2209 
7897 
2684 
180 
7609 
8366 
5618 
2975 
4238 
8289 
723 
5836 
2220 
7986 
1066 
4381 
1359 
2949 
265 
390 
396 
3857 
2083 
7042 
3112 
4706 
290 
2078 
863 
2712 
466 
604 
5182 
2934 
196 
2610 
6809 
8068 
7372 
3961 
7111 
6797 
6435 
3182 
6369 
6241 
8710 
8500 
8934 
5732 
8533 
9424 
3097 
5757 
1780 
9212 
5506 
4393 
1261 
9108 
3689 
6133 
1293 
9004 
8670 
359 
2355 
2632 
5684 
7286 
468 
3651 
2209 
7389 
6825 
6265 
7952 
5549 
6431 
9500 
3391 
3128 
2534 
8787 
5633 
8614 
8547 
8422 
4077 
6819 
4511 
275 
3389 
479 
4437 
1052 
9504 
1485 
2664 
2583 
8649 
2997 
7690 
45 
1534 
5474 
1190 
8747 
2713 
2516 
8343 
9476 
8058 
7407 
2895 
6237 
7843 
4827 
7825 
5328 
715 
2818 
295 
202 
9436 
7781 
2204 
4268 
1973 
1239 
4403 
8414 
968 
8560 
9903 
4759 
2397 
75 
7977 
678 
2781 
3528 
3869 
4141 
1576 
3388 
9389 
8688 
5952 
5948 
5900 
5274 
9227 
9605 
6948 
7129 
6613 
2615 
4978 
9789 
140 
5397 
8308 
6925 
2594 
5415 
1586 
5794 
1262 
1064 
946 
8489 
6667 
7961 
2657 
5589 
40 
6108 
5409 
1131 
2566 
4377 
982 
8917 
8734 
5245 
4729 
144 
1624 
9781 
2293 
7902 
1060 
4424 
3196 
6836 
6021 
6922 
9139 
1996 
978 
234 
1313 
6693 
9267 
2197 
1364 
9534 
4858 
384 
7964 
479 
6679 
1667 
2126 
8832 
7506 
9720 
1971 
4719 
7557 
9392 
71 
2511 
8800 
4094 
4266 
7716 
1203 
58 
9810 
6904 
2471 
7456 
70 
1720 
6326 
2846 
9637 
5303 
6590 
8489 
445 
8954 
5362 
4681 
7541 
8443 
201 
8328 
8932 
2711 
8349 
7943 
5079 
1136 
2109 
9337 
3102 
5515 
636 
8182 
4463 
9363 
1359 
4521 
8434 
6388 
2739 
4595 
9668 
1377 
6645 
774 
9861 
702 
376 
507 
745 
4791 
2322 
1052 
6714 
5127 
1551 
8314 
469 
7682 
6125 
1464 
2137 
9803 
7038 
2734 
347 
4606 
1338 
1304 
2932 
8824 
1482 
2980 
2801 
9850 
1117 
1207 
2370 
6251 
6023 
8777 
2716 
9602 
4061 
8724 
40 
1055 
6635 
9769 
5777 
2435 
6831 
2636 
8489 
3764 
139 
9843 
1093 
9786 
5254 
9594 
6476 
1845 
219 
8226 
6765 
3668 
8649 
5677 
2214 
9743 
6833 
8276 
9741 
4382 
8155 
5793 
11 
3200 
1154 
5189 
6924 
3765 
3827 
1395 
1824 
2500 
2658 
3715 
3949 
7366 
9573 
2033 
1131 
9113 
7463 
5867 
2902 
4926 
9798 
919 
5552 
3404 
7109 
1402 
7261 
858 
9259 
3090 
6885 
1721 
1810 
8301 
7909 
7496 
8633 
8207 
3725 
1965 
7091 
4944 
9780 
1731 
1606 
2108 
2576 
7910 
9804 
3361 
3406 
9337 
1509 
7285 
9392 
4145 
8611 
2477 
7098 
6071 
5645 
5063 
1764 
3786 
8925 
7521 
4652 
1994 
8082 
6079 
2161 
6190 
622 
506 
8600 
3647 
7817 
7995 
4571 
4667 
1292 
1780 
5157 
8995 
4343 
4279 
7127 
2494 
1180 
1133 
4694 
3444 
1969 
5312 
2139 
9555 
6434 
3809 
9457 
7549 
3693 
2708 
3179 
6663 
1284 
3759 
1275 
9196 
1055 
8719 
8332 
9433 
1287 
5810 
345 
9614 
9707 
9486 
5764 
4291 
1039 
8920 
6336 
5553 
3736 
5518 
6343 
1732 
4658 
5582 
9941 
8064 
7834 
3868 
283 
185 
3492 
1681 
7821 
1913 
7782 
1382 
7620 
3102 
8299 
6525 
3084 
521 
930 
5176 
8695 
2833 
796 
5472 
233 
5822 
8369 
2048 
1866 
9406 
299 
9335 
8407 
1059 
3722 
25 
6753 
2707 
5278 
9327 
6332 
7879 
8080 
546 
8113 
5724 
4458 
5844 
5565 
2965 
6650 
8935 
5696 
9495 
3907 
2340 
5439 
4059 
1372 
6582 
5347 
3584 
3679 
5180 
8007 
3207 
9259 
6955 
557 
9333 
1059 
9209 
9594 
7860 
5645 
8851 
1877 
3730 
1043 
4839 
4668 
737 
2965 
267 
7392 
2037 
5749 
4692 
4628 
6457 
7401 
9952 
8738 
6122 
1501 
2381 
8277 
9258 
4895 
2352 
3280 
7711 
1634 
1919 
2934 
6242 
3323 
2551 
9056 
7168 
7414 
967 
2586 
7852 
1282 
9522 
3558 
4603 
2545 
1313 
2391 
55 
4729 
9375 
5911 
2493 
8550 
3819 
9602 
3118 
8533 
9226 
121 
5714 
1418 
1666 
1904 
5488 
348 
1520 
1712 
4167 
2084 
2531 
662 
8105 
2161 
6206 
7586 
4954 
1367 
1834 
1400 
1045 
8011 
5682 
4355 
1784 
4296 
5989 
4285 
5075 
3390 
8040 
9896 
3756 
5678 
1809 
1833 
2750 
1263 
317 
5527 
310 
7180 
4219 
3856 
2741 
9779 
670 
6484 
4465 
3975 
575 
712 
2004 
2751 
3321 
5173 
2234 
9061 
4539 
5478 
6263 
1832 
7338 
574 
4176 
1595 
6556 
5503 
493 
5300 
1582 
7028 
6493 
1214 
7103 
9048 
8322 
4695 
9650 
3645 
896 
210 
9936 
5766 
3586 
3605 
3124 
3085 
8470 
6780 
3198 
2718 
9740 
5381 
9280 
969 
155 
7203 
9268 
3780 
3100 
2539 
8803 
1895 
2764 
6314 
8639 
8431 
3327 
1085 
6267 
8843 
1160 
6295 
5934 
8386 
5601 
1614 
2308 
1963 
5961 
7774 
4844 
6387 
3873 
869 
5179 
9051 
6798 
4149 
4151 
3911 
1339 
2213 
157 
6657 
5556 
3760 
4364 
579 
2620 
6741 
4488 
2705 
7479 
2070 
3736 
1244 
7008 
5897 
1704 
2064 
3797 
8746 
1511 
8791 
1718 
9814 
9962 
3635 
7290 
6001 
4567 
6761 
1290 
1633 
1899 
2528 
9380 
145 
1733 
8759 
3609 
1376 
201 
2236 
6767 
9295 
4894 
3397 
4848 
7494 
5760 
8955 
217 
15 
542 
313 
4412 
1818 
2173 
9922 
1198 
4408 
7491 
2345 
6490 
4495 
3901 
502 
668 
9516 
1818 
8776 
6695 
7244 
142 
3597 
6783 
2275 
9040 
3052 
2544 
8293 
5308 
124 
7077 
5520 
3970 
490 
2242 
5632 
6740 
9495 
4475 
168 
3516 
1527 
5786 
9184 
724 
1795 
9468 
1234 
6540 
8359 
2053 
6827 
4664 
6565 
8904 
2768 
495 
9265 
2672 
9335 
4797 
2211 
2618 
5578 
1905 
8008 
3576 
856 
2208 
7554 
6687 
4931 
9616 
1555 
4410 
3859 
2238 
165 
9445 
3809 
9738 
8853 
1779 
2381 
501 
8995 
888 
617 
6121 
4708 
8656 
2507 
593 
9937 
3158 
4127 
845 
4101 
4238 
6242 
3504 
5683 
3788 
6728 
3617 
6061 
9514 
4136 
7469 
6830 
646 
9371 
3332 
5217 
1585 
6384 
775 
664 
6881 
2043 
240 
3974 
304 
3313 
1611 
4405 
2475 
7022 
6437 
7457 
2596 
4159 
1940 
6314 
8113 
2744 
5263 
2294 
6331 
3711 
9057 
2781 
3967 
6431 
1162 
1563 
3568 
1094 
2222 
7730 
4643 
2423 
8020 
6966 
3809 
9177 
1448 
3103 
9657 
2663 
2410 
4842 
1707 
590 
9676 
3800 
2846 
1010 
7912 
3885 
6475 
5432 
6024 
9234 
2224 
9885 
5148 
2852 
3439 
6222 
7960 
7203 
8316 
2446 
2707 
5508 
8978 
8372 
7321 
7135 
7406 
6906 
7178 
2178 
9938 
671 
8025 
3340 
324 
5942 
3006 
5314 
7949 
5764 
1012 
2718 
9082 
2710 
9131 
7659 
3294 
9561 
1959 
9706 
2894 
4719 
2239 
7808 
9235 
2785 
7295 
1222 
3116 
920 
4471 
3464 
345 
387 
9146 
3750 
3730 
5572 
3904