3717 
4209 
232 
760 
831 
2904 
4217 
1580 
1181 
2429 
3716 
1299 
473 
1490 
492 
995 
2767 
1837 
2696 
2515 
1553 
3527 
3500 
4743 
3619 
48 
1815 
1505 
3407 
609 
2420 
2714 
4986 
152 
3266 
1013 
758 
4303 
4332 
3341 
3854 
2574 
3657 
2994 
3341 
341 
548 
2161 
3735 
1402 
341 
2704 
1701 
2617 
1871 
286 
3766 
719 
3816 
1104 
2361 
2382 
4828 
821 
572 
4228 
210 
116 
3608 
2244 
3629 
2336 
2898 
3819 
4221 
19 
2363 
3124 
332 
2424 
1865 
1965 
3209 
3551 
4973 
4424 
4472 
1797 
603 
1443 
224 
1698 
2909 
352 
19 
81 
1648 
2110 
3634 
1627 
261 
4558 
2151 
1516 
2201 
86 
3992 
4181 
1134 
4849 
1435 
1912 
3759 
2389 
4828 
4039 
3208 
2204 
4537 
2654 
3980 
4868 
2815 
3284 
4605 
3256 
2242 
2118 
240 
4156 
793 
3260 
750 
2156 
1855 
4682 
1500 
1142 
4635 
904 
163 
2443 
761 
2674 
2401 
1227 
111 
2841 
4094 
598 
2217 
4848 
4056 
1187 
4213 
1712 
616 
677 
4360 
1636 
4755 
3808 
4255 
1342 
953 
641 
1087 
4248 
2449 
1443 
1965 
4228 
3044 
3683 
3830 
4837 
1621 
2341 
4817 
3939 
2239 
93 
4048 
1755 
679 
3047 
2891 
4213 
3262 
3583 
2317 
1956 
2753 
3658 
741 
817 
904 
922 
4037 
4552 
4786 
3526 
2647 
1810 
3055 
2728 
851 
449 
4405 
1517 
1090 
471 
332 
2561 
1879 
3136 
1778 
3408 
4240 
1635 
712 
2094 
4513 
3317 
2106 
2144 
585 
2477 
1483 
833 
3516 
3009 
2398 
4078 
3031 
2688 
1022 
2354 
4575 
4639 
120 
3154 
2994 
1956 
2980 
1258 
2244 
4061 
1664 
4383 
2268 
1210 
2516 
1643 
4661 
4039 
3143 
1860 
509 
1803 
488 
4053 
1481 
1188 
2790 
2867 
4783 
4520 
4689 
1721 
210 
1685 
3446 
2501 
2674 
1531 
2871 
825 
2529 
4828 
1033 
4466 
4063 
1019 
1844 
2349 
2855 
3826 
1503 
1245 
3616 
122 
3801 
646 
1278 
1503 
4849 
1581 
950 
1882 
950 
1373 
1045 
2253 
4288 
3956 
889 
3178 
4614 
1748 
1502 
509 
4197 
771 
1402 
3829 
1015 
2412 
3346 
1535 
1978 
2891 
1627 
1842 
3685 
2060 
4329 
2756 
3311 
3293 
3732 
1892 
2015 
2703 
3982 
2854 
2325 
2769 
319 
571 
3127 
901 
3777 
3630 
4621 
1794 
4140 
4952 
3198 
1952 
3995 
1868 
2976 
239 
4341 
3828 
3788 
592 
3981 
130 
4832 
1386 
3946 
1896 
2011 
1254 
2311 
1385 
1925 
3876 
3956 
4925 
3020 
1540 
3660 
4801 
1616 
4109 
1285 
2156 
2944 
1938 
3515 
3684 
4290 
3648 
4014 
487 
4143 
2689 
4423 
2962 
4148 
3932 
3254 
1245 
3683 
1186 
1239 
2125 
3304 
4755 
2249 
4912 
4748 
3303 
2998 
1013 
3110 
1750 
462 
754 
3421 
4185 
4771 
1148 
4327 
3790 
982 
3683 
3397 
3415 
1233 
898 
148 
4851 
2475 
2283 
621 
276 
3519 
737 
3062 
4808 
3189 
2285 
152 
1680 
3327 
2874 
1183 
3524 
677 
3513 
1949 
197 
4242 
885 
2879 
3257 
4197 
2824 
3814 
1450 
1369 
508 
335 
4448 
3806 
2667 
3339 
2683 
1590 
968 
4184 
2049 
4456 
2411 
1918 
3542 
2032 
145 
1532 
3463 
4020 
3513 
4464 
4558 
4793 
368 
3354 
3257 
1764 
2006 
1274 
2395 
2642 
1975 
3597 
3874 
296 
900 
964 
3415 
3739 
1247 
501 
881 
1810 
4810 
4656 
2145 
111 
1200 
699 
911 
2266 
2986 
4983 
3237 
2902 
148 
2777 
3615 
2634 
3406 
3578 
4393 
2009 
4100 
2439 
1201 
4146 
2942 
2937 
2168 
2409 
3088 
2765 
2085 
164 
2618 
1054 
2130 
486 
2497 
2150 
1597 
272 
2781 
2209 
3585 
1435 
2698 
2323 
538 
4911 
1119 
1604 
276 
48 
2065 
211 
2581 
635 
2297 
3920 
1718 
349 
4386 
4809 
1759 
3045 
2588 
718 
1216 
1389 
2948 
2965 
2632 
4812 
129 
694 
3802 
4103 
1872 
1784 
1618 
316 
2321 
2618 
1493 
3717 
4672 
4955 
1087 
4731 
4925 
3891 
3458 
2769 
4421 
1848 
3454 
2597 
623 
3570 
1811 
202 
1775 
3302 
2512 
2976 
3646 
3607 
4008 
1538 
4608 
1800 
2528 
1415 
3341 
3036 
338 
3595 
2104 
2790 
2869 
1715 
1563 
1441 
2931 
2956 
1089 
482 
3802 
2884 
2939 
1985 
4403 
1231 
4588 
243 
582 
3771 
29 
499 
2404 
2453 
2529 
4932 
3627 
466 
1889 
120 
1029 
1103 
930 
1221 
1002 
1554 
3170 
4851 
1529 
2814 
903 
1463 
819 
515 
976 
3651 
3633 
1323 
1146 
2251 
3105 
4822 
660 
2306 
1340 
1943 
4803 
4587 
3355 
2269 
1527 
4752 
3094 
2355 
3564 
4135 
1635 
4528 
1019 
4943 
4797 
631 
2294 
855 
3906 
4552 
951 
2640 
2220 
2014 
4825 
871 
4424 
135 
2773 
812 
4555 
2024 
3055 
2789 
4304 
1310 
2199 
4731 
747 
1005 
1576 
1267 
2305 
69 
532 
2231 
4662 
1616 
1774 
1643 
3310 
4373 
3767 
2177 
2572 
2921 
4850 
1797 
270 
2336 
4447 
4721 
3862 
2792 
4220 
2946 
2147 
2927 
2463 
3169 
1286 
936 
149 
1508 
237 
4530 
2983 
3074 
3364 
1288 
4472 
3194 
1199 
1274 
1176 
4101 
177 
578 
1827 
2111 
520 
4897 
2915 
818 
767 
2960 
2154 
2619 
10 
3839 
2801 
2867 
3926 
801 
316 
127 
2430 
1805 
3795 
217 
599 
1551 
202 
2957 
2821 
2397 
1314 
1100 
1907 
2371 
3287 
2508 
904 
3208 
4023 
38 
2084 
3158 
1561 
2447 
3567 
4382 
4004 
4704 
3195 
3946 
27 
478 
573 
2712 
4776 
18 
1375 
1230 
1326 
298 
2577 
4040 
3702 
14 
3787 
4300 
4835 
1764 
765 
1279 
2773 
4165 
1552 
2101 
1298 
2222 
2642 
1276 
3784 
944 
3309 
4561 
3084 
2832 
4968 
4451 
815 
223 
4853 
2227 
2124 
435 
3482 
3346 
3707 
4068 
2152 
1515 
696 
3880 
3599 
1197 
13 
1904 
3752 
2650 
532 
3120 
3977 
2626 
702 
3003 
4333 
993 
4670 
1077 
4537 
68 
1487 
2191 
4344 
2832 
1026 
4967 
4936 
3844 
3081 
2333 
795 
18 
2015 
2631 
4287 
2506 
2437 
37 
2422 
4054 
3655 
2166 
1862 
4615 
2468 
3146 
2178 
2431 
3586 
2717 
4583 
1765 
3912 
3667 
704 
2716 
1778 
1878 
2187 
2676 
496 
265 
3818 
4960 
783 
1481 
787 
4526 
4199 
4502 
2144 
3642 
4835 
2767 
2504 
3115 
2644 
19 
2444 
1685 
15 
1105 
1259 
2589 
2666 
1009 
14 
704 
43 
1 
4636 
1140 
2169 
4705 
4479 
2341 
4840 
4742 
2981 
1802 
1994 
4851 
3889 
661 
2929 
4715 
1263 
2079 
1173 
889 
1043 
3481 
524 
4280 
2635 
4204 
405 
4195 
3665 
931 
2333 
4550 
298 
3611 
1771 
1107 
2417 
2314 
3947 
3111 
1596 
1421 
1670 
4250 
6 
2976 
407 
1418 
1580 
1842 
2152 
4401 
808 
630 
2532