4986
4983
4973
4968
4967
4960
4955
4952
4943
4936
4932
4925
4925
4912
4911
4897
4868
4853
4851
4851
4851
4850
4849
4849
4848
4840
4837
4835
4835
4832
4828
4828
4828
4825
4822
4817
4812
4810
4809
4808
4803
4801
4797
4793
4786
4783
4776
4771
4755
4755
4752
4748
4743
4742
4731
4731
4721
4715
4705
4704
4689
4682
4672
4670
4662
4661
4656
4639
4636
4635
4621
4615
4614
4608
4605
4588
4587
4583
4575
4561
4558
4558
4555
4552
4552
4550
4537
4537
4530
4528
4526
4520
4513
4502
4479
4472
4472
4466
4464
4456
4451
4448
4447
4424
4424
4423
4421
4405
4403
4401
4393
4386
4383
4382
4373
4360
4344
4341
4333
4332
4329
4327
4304
4303
4300
4290
4288
4287
4280
4255
4250
4248
4242
4240
4228
4228
4221
4220
4217
4213
4213
4209
4204
4199
4197
4197
4195
4185
4184
4181
4165
4156
4148
4146
4143
4140
4135
4109
4103
4101
4100
4094
4078
4068
4063
4061
4056
4054
4053
4048
4040
4039
4039
4037
4023
4020
4014
4008
4004
3995
3992
3982
3981
3980
3977
3956
3956
3947
3946
3946
3939
3932
3926
3920
3912
3906
3891
3889
3880
3876
3874
3862
3854
3844
3839
3830
3829
3828
3826
3819
3818
3816
3814
3808
3806
3802
3802
3801
3795
3790
3788
3787
3784
3777
3771
3767
3766
3759
3752
3739
3735
3732
3717
3717
3716
3707
3702
3685
3684
3683
3683
3683
3667
3665
3660
3658
3657
3655
3651
3648
3646
3642
3634
3633
3630
3629
3627
3619
3616
3615
3611
3608
3607
3599
3597
3595
3586
3585
3583
3578
3570
3567
3564
3551
3542
3527
3526
3524
3519
3516
3515
3513
3513
3500
3482
3481
3463
3458
3454
3446
3421
3415
3415
3408
3407
3406
3397
3364
3355
3354
3346
3346
3341
3341
3341
3339
3327
3317
3311
3310
3309
3304
3303
3302
3293
3287
3284
3266
3262
3260
3257
3257
3256
3254
3237
3209
3208
3208
3198
3195
3194
3189
3178
3170
3169
3158
3154
3146
3143
3136
3127
3124
3120
3115
3111
3110
3105
3094
3088
3084
3081
3074
3062
3055
3055
3047
3045
3044
3036
3031
3020
3009
3003
2998
2994
2994
2986
2983
2981
2980
2976
2976
2976
2965
2962
2960
2957
2956
2948
2946
2944
2942
2939
2937
2931
2929
2927
2921
2915
2909
2904
2902
2898
2891
2891
2884
2879
2874
2871
2869
2867
2867
2855
2854
2841
2832
2832
2824
2821
2815
2814
2801
2792
2790
2790
2789
2781
2777
2773
2773
2769
2769
2767
2767
2765
2756
2753
2728
2717
2716
2714
2712
2704
2703
2698
2696
2689
2688
2683
2676
2674
2674
2667
2666
2654
2650
2647
2644
2642
2642
2640
2635
2634
2632
2631
2626
2619
2618
2618
2617
2597
2589
2588
2581
2577
2574
2572
2561
2532
2529
2529
2528
2516
2515
2512
2508
2506
2504
2501
2497
2477
2475
2468
2463
2453
2449
2447
2444
2443
2439
2437
2431
2430
2429
2424
2422
2420
2417
2412
2411
2409
2404
2401
2398
2397
2395
2389
2382
2371
2363
2361
2355
2354
2349
2341
2341
2336
2336
2333
2333
2325
2323
2321
2317
2314
2311
2306
2305
2297
2294
2285
2283
2269
2268
2266
2253
2251
2249
2244
2244
2242
2239
2231
2227
2222
2220
2217
2209
2204
2201
2199
2191
2187
2178
2177
2169
2168
2166
2161
2156
2156
2154
2152
2152
2151
2150
2147
2145
2144
2144
2130
2125
2124
2118
2111
2110
2106
2104
2101
2094
2085
2084
2079
2065
2060
2049
2032
2024
2015
2015
2014
2011
2009
2006
1994
1985
1978
1975
1965
1965
1956
1956
1952
1949
1943
1938
1925
1918
1912
1907
1904
1896
1892
1889
1882
1879
1878
1872
1871
1868
1865
1862
1860
1855
1848
1844
1842
1842
1837
1827
1815
1811
1810
1810
1805
1803
1802
1800
1797
1797
1794
1784
1778
1778
1775
1774
1771
1765
1764
1764
1759
1755
1750
1748
1721
1718
1715
1712
1701
1698
1685
1685
1680
1670
1664
1648
1643
1643
1636
1635
1635
1627
1627
1621
1618
1616
1616
1604
1597
1596
1590
1581
1580
1580
1576
1563
1561
1554
1553
1552
1551
1540
1538
1535
1532
1531
1529
1527
1517
1516
1515
1508
1505
1503
1503
1502
1500
1493
1490
1487
1483
1481
1481
1463
1450
1443
1443
1441
1435
1435
1421
1418
1415
1402
1402
1389
1386
1385
1375
1373
1369
1342
1340
1326
1323
1314
1310
1299
1298
1288
1286
1285
1279
1278
1276
1274
1274
1267
1263
1259
1258
1254
1247
1245
1245
1239
1233
1231
1230
1227
1221
1216
1210
1201
1200
1199
1197
1188
1187
1186
1183
1181
1176
1173
1148
1146
1142
1140
1134
1119
1107
1105
1104
1103
1100
1090
1089
1087
1087
1077
1054
1045
1043
1033
1029
1026
1022
1019
1019
1015
1013
1013
1009
1005
1002
995
993
982
976
968
964
953
951
950
950
944
936
931
930
922
911
904
904
904
903
901
900
898
889
889
885
881
871
855
851
833
831
825
821
819
818
817
815
812
808
801
795
793
787
783
771
767
765
761
760
758
754
750
747
741
737
719
718
712
704
704
702
699
696
694
679
677
677
661
660
646
641
635
631
630
623
621
616
609
603
599
598
592
585
582
578
573
572
571
548
538
532
532
524
520
515
509
509
508
501
499
496
492
488
487
486
482
478
473
471
466
462
449
435
407
405
368
352
349
341
341
338
335
332
332
319
316
316
298
298
296
286
276
276
272
270
265
261
243
240
239
237
232
224
223
217
211
210
210
202
202
197
177
164
163
152
152
149
148
148
145
135
130
129
127
122
120
120
116
111
111
93
86
81
69
68
48
48
43
38
37
29
27
19
19
19
18
18
15
14
14
13
10
6
1
