10000
9997
9996
9994
9993
9993
9993
9990
9990
9989
9985
9985
9985
9985
9982
9981
9979
9978
9978
9977
9977
9976
9975
9975
9975
9974
9973
9973
9973
9971
9969
9968
9963
9963
9962
9962
9962
9960
9960
9959
9957
9956
9955
9954
9954
9952
9951
9951
9950
9950
9949
9948
9948
9945
9945
9945
9945
9944
9943
9942
9941
9941
9941
9940
9938
9938
9937
9937
9936
9936
9935
9935
9934
9932
9931
9929
9929
9927
9925
9924
9924
9924
9923
9923
9923
9922
9922
9917
9913
9913
9912
9912
9911
9910
9906
9903
9903
9901
9900
9899
9898
9898
9897
9896
9896
9894
9894
9893
9893
9890
9890
9887
9886
9885
9885
9883
9883
9882
9882
9882
9880
9879
9878
9877
9874
9874
9872
9869
9867
9866
9866
9866
9862
9862
9861
9860
9859
9858
9856
9855
9855
9854
9854
9853
9852
9852
9851
9851
9850
9850
9849
9849
9848
9848
9846
9843
9842
9839
9839
9838
9837
9837
9832
9830
9828
9827
9825
9825
9821
9821
9820
9820
9819
9819
9818
9818
9818
9814
9813
9811
9810
9808
9807
9807
9805
9804
9803
9803
9803
9799
9799
9799
9799
9798
9797
9795
9793
9789
9789
9789
9789
9788
9787
9787
9787
9787
9786
9786
9785
9784
9784
9783
9783
9781
9781
9781
9780
9780
9780
9779
9779
9777
9776
9773
9772
9771
9770
9769
9768
9767
9766
9764
9764
9764
9764
9762
9761
9759
9756
9756
9754
9754
9752
9751
9749
9749
9748
9747
9746
9744
9744
9744
9743
9741
9740
9738
9738
9736
9735
9734
9733
9733
9732
9730
9730
9729
9729
9729
9728
9728
9727
9727
9725
9725
9722
9722
9720
9720
9719
9719
9719
9716
9713
9712
9712
9710
9709
9709
9708
9707
9706
9706
9705
9705
9701
9700
9699
9697
9695
9695
9691
9691
9691
9690
9689
9689
9687
9685
9685
9685
9685
9684
9683
9683
9683
9682
9682
9681
9681
9680
9679
9676
9676
9676
9673
9672
9671
9670
9669
9669
9668
9668
9668
9668
9666
9665
9664
9662
9660
9660
9659
9659
9658
9658
9657
9656
9656
9656
9655
9654
9652
9652
9650
9650
9649
9648
9647
9647
9641
9641
9639
9638
9638
9637
9636
9634
9634
9633
9632
9630
9627
9627
9626
9626
9622
9622
9620
9619
9616
9614
9614
9614
9613
9613
9612
9612
9609
9608
9607
9606
9606
9605
9604
9604
9603
9602
9602
9601
9600
9599
9599
9599
9598
9596
9594
9594
9594
9593
9593
9591
9590
9590
9587
9585
9584
9582
9581
9581
9580
9579
9577
9577
9575
9573
9573
9573
9570
9570
9567
9567
9565
9565
9563
9562
9561
9561
9560
9559
9558
9558
9555
9555
9554
9553
9552
9552
9549
9549
9549
9549
9548
9547
9546
9545
9544
9544
9542
9541
9541
9541
9540
9540
9534
9533
9529
9527
9526
9526
9525
9525
9525
9523
9523
9523
9522
9522
9522
9522
9521
9519
9517
9517
9516
9514
9511
9510
9509
9508
9507
9504
9504
9504
9504
9503
9502
9502
9501
9500
9500
9499
9497
9496
9496
9495
9495
9494
9492
9492
9489
9488
9487
9487
9486
9485
9482
9481
9478
9476
9476
9472
9472
9470
9470
9469
9469
9468
9468
9465
9464
9463
9459
9457
9457
9455
9455
9454
9452
9452
9450
9446
9445
9445
9445
9441
9437
9437
9436
9436
9434
9433
9433
9427
9425
9424
9424
9424
9423
9421
9421
9421
9420
9420
9418
9417
9415
9412
9412
9411
9409
9409
9409
9409
9408
9408
9407
9406
9406
9404
9403
9402
9399
9399
9398
9398
9397
9396
9394
9394
9392
9392
9392
9390
9389
9389
9389
9388
9388
9386
9385
9383
9382
9382
9381
9380
9379
9379
9378
9378
9378
9375
9374
9374
9374
9374
9371
9368
9366
9364
9363
9363
9363
9362
9362
9362
9361
9359
9359
9357
9357
9357
9357
9357
9355
9353
9351
9350
9349
9347
9347
9346
9343
9343
9342
9341
9340
9338
9338
9337
9337
9337
9337
9336
9335
9335
9335
9335
9333
9331
9329
9328
9328
9327
9325
9323
9322
9320
9320
9317
9317
9316
9315
9314
9314
9311
9310
9308
9305
9305
9302
9302
9300
9296
9295
9295
9295
9295
9287
9284
9282
9281
9281
9280
9280
9275
9274
9273
9273
9272
9268
9267
9267
9266
9265
9264
9262
9262
9262
9260
9260
9259
9259
9258
9258
9257
9253
9252
9252
9250
9248
9248
9245
9245
9245
9243
9241
9239
9235
9235
9235
9234
9233
9231
9229
9227
9226
9225
9225
9224
9224
9222
9222
9222
9221
9221
9221
9218
9218
9217
9216
9214
9214
9214
9212
9212
9211
9210
9210
9209
9209
9209
9207
9207
9207
9205
9204
9204
9204
9201
9201
9201
9200
9198
9198
9197
9196
9194
9194
9194
9193
9192
9191
9190
9188
9187
9186
9186
9186
9185
9184
9182
9180
9179
9178
9177
9177
9176
9175
9174
9172
9172
9171
9170
9169
9166
9161
9160
9157
9155
9153
9148
9147
9146
9146
9146
9145
9145
9144
9143
9142
9142
9141
9139
9139
9137
9134
9133
9131
9131
9130
9130
9130
9125
9124
9124
9123
9121
9121
9120
9119
9118
9118
9117
9117
9117
9117
9115
9115
9113
9113
9109
9108
9108
9107
9105
9105
9105
9104
9103
9103
9102
9101
9096
9095
9095
9095
9094
9094
9094
9092
9091
9090
9090
9090
9089
9087
9083
9082
9082
9081
9078
9076
9075
9075
9072
9072
9071
9070
9068
9065
9064
9062
9061
9059
9057
9057
9057
9056
9056
9055
9054
9053
9051
9051
9048
9048
9047
9046
9045
9044
9044
9042
9041
9041
9040
9040
9039
9039
9038
9037
9036
9035
9034
9031
9026
9024
9024
9024
9024
9023
9023
9023
9023
9022
9018
9016
9016
9015
9015
9014
9014
9012
9010
9010
9009
9008
9006
9005
9004
8999
8997
8996
8995
8995
8995
8994
8991
8990
8989
8988
8987
8986
8984
8983
8983
8982
8981
8979
8978
8978
8977
8976
8974
8972
8971
8970
8965
8965
8963
8963
8963
8961
8961
8960
8960
8955
8954
8954
8952
8951
8950
8949
8949
8946
8946
8945
8943
8941
8940
8938
8937
8935
8935
8934
8934
8934
8934
8932
8929
8927
8925
8925
8925
8924
8923
8922
8920
8919
8918
8917
8917
8915
8913
8912
8912
8909
8906
8905
8904
8904
8904
8903
8900
8898
8897
8896
8896
8895
8893
8893
8890
8889
8889
8887
8885
8885
8884
8884
8883
8882
8881
8879
8874
8873
8872
8872
8871
8870
8869
8869
8866
8865
8864
8864
8863
8863
8862
8862
8861
8861
8861
8861
8860
8859
8856
8854
8853
8852
8852
8852
8851
8851
8850
8847
8846
8846
8845
8844
8843
8842
8835
8834
8832
8832
8828
8827
8827
8825
8824
8821
8820
8818
8817
8816
8813
8813
8811
8811
8810
8810
8809
8808
8807
8807
8806
8806
8804
8803
8803
8803
8803
8802
8801
8800
8800
8800
8800
8800
8800
8799
8798
8797
8796
8794
8792
8791
8790
8789
8788
8787
8786
8786
8786
8782
8782
8779
8778
8778
8777
8777
8776
8774
8773
8771
8769
8766
8763
8763
8762
8762
8759
8759
8758
8757
8755
8755
8754
8753
8752
8752
8751
8750
8750
8749
8747
8746
8746
8746
8745
8744
8743
8743
8739
8739
8739
8738
8737
8737
8736
8735
8734
8734
8734
8731
8731
8731
8729
8729
8725
8724
8723
8722
8722
8721
8721
8720
8719
8719
8719
8719
8715
8714
8714
8712
8712
8710
8709
8708
8707
8706
8705
8704
8703
8702
8701
8701
8698
8697
8695
8695
8695
8694
8693
8693
8693
8692
8691
8691
8690
8688
8687
8683
8682
8682
8676
8673
8672
8672
8670
8669
8668
8665
8665
8665
8664
8663
8662
8661
8661
8661
8660
8657
8657
8657
8656
8656
8655
8653
8652
8652
8649
8649
8649
8648
8647
8647
8646
8646
8645
8644
8644
8643
8643
8639
8638
8636
8635
8633
8633
8632
8630
8630
8630
8629
8629
8628
8628
8627
8625
8623
8621
8620
8620
8619
8618
8617
8617
8616
8614
8614
8614
8614
8611
8611
8610
8610
8609
8608
8606
8606
8606
8605
8603
8600
8600
8598
8598
8595
8595
8595
8593
8590
8590
8589
8588
8585
8585
8584
8583
8583
8581
8581
8580
8579
8578
8577
8576
8576
8574
8574
8574
8572
8571
8571
8567
8566
8566
8565
8565
8563
8562
8562
8560
8560
8560
8559
8559
8558
8558
8557
8556
8554
8554
8552
8550
8550
8549
8548
8548
8547
8546
8546
8545
8544
8543
8540
8538
8537
8535
8535
8534
8533
8533
8533
8533
8526
8524
8524
8521
8520
8517
8515
8512
8509
8506
8505
8505
8505
8504
8502
8501
8501
8500
8500
8498
8495
8494
8490
8489
8489
8489
8489
8489
8488
8488
8486
8483
8480
8479
8478
8478
8477
8476
8473
8473
8472
8472
8472
8471
8471
8470
8469
8468
8467
8465
8464
8461
8460
8459
8457
8457
8454
8453
8453
8453
8453
8447
8446
8445
8445
8445
8444
8444
8443
8442
8441
8441
8439
8439
8439
8438
8437
8436
8434
8434
8431
8430
8426
8426
8425
8424
8422
8422
8422
8421
8421
8418
8418
8418
8417
8417
8414
8414
8407
8407
8406
8404
8404
8403
8403
8402
8398
8398
8394
8393
8393
8391
8388
8386
8384
8383
8382
8380
8380
8380
8379
8379
8379
8378
8377
8375
8375
8374
8373
8372
8372
8371
8370
8369
8369
8368
8368
8367
8366
8366
8366
8365
8364
8364
8362
8362
8362
8362
8359
8358
8358
8358
8356
8353
8352
8351
8351
8350
8349
8346
8345
8345
8344
8343
8343
8342
8340
8339
8338
8338
8337
8337
8336
8332
8332
8332
8332
8330
8330
8330
8329
8328
8328
8328
8327
8327
8325
8325
8325
8322
8320
8318
8317
8316
8316
8316
8316
8314
8313
8312
8310
8308
8304
8304
8303
8302
8301
8301
8300
8300
8300
8300
8299
8294
8294
8293
8292
8290
8289
8289
8288
8285
8284
8283
8280
8280
8279
8278
8277
8276
8275
8275
8275
8274
8270
8270
8270
8269
8267
8266
8265
8265
8265
8263
8263
8262
8261
8260
8258
8257
8257
8256
8256
8253
8251
8250
8249
8247
8246
8246
8244
8243
8242
8239
8238
8236
8235
8233
8232
8231
8231
8231
8228
8226
8224
8223
8222
8219
8218
8218
8216
8211
8210
8209
8208
8208
8207
8206
8206
8205
8204
8203
8200
8200
8198
8197
8196
8195
8193
8193
8190
8189
8188
8187
8185
8185
8185
8183
8182
8182
8182
8182
8181
8179
8179
8179
8178
8177
8176
8170
8168
8167
8164
8163
8163
8160
8159
8159
8156
8156
8155
8155
8153
8153
8152
8152
8151
8151
8151
8150
8150
8149
8148
8147
8143
8142
8141
8141
8140
8139
8138
8136
8136
8134
8131
8126
8125
8125
8123
8123
8123
8123
8123
8120
8120
8117
8114
8114
8113
8113
8113
8112
8110
8108
8108
8106
8105
8104
8103
8101
8098
8096
8096
8096
8093
8092
8092
8090
8089
8089
8088
8084
8084
8084
8082
8080
8080
8079
8077
8076
8073
8072
8070
8068
8068
8065
8064
8064
8063
8061
8060
8058
8058
8056
8055
8055
8054
8053
8051
8048
8048
8047
8046
8045
8044
8042
8040
8038
8036
8034
8033
8032
8031
8031
8026
8026
8025
8025
8024
8024
8020
8020
8019
8019
8019
8018
8016
8015
8015
8014
8013
8012
8011
8011
8011
8009
8008
8007
8007
8007
8005
8004
8003
8003
8002
8002
8001
7999
7999
7997
7996
7996
7995
7993
7993
7993
7991
7986
7984
7982
7978
7977
7977
7977
7977
7973
7973
7972
7968
7967
7967
7966
7964
7961
7961
7961
7960
7960
7958
7957
7957
7956
7955
7954
7954
7952
7952
7951
7950
7950
7949
7948
7946
7943
7943
7941
7940
7940
7935
7935
7934
7931
7927
7927
7925
7921
7920
7920
7919
7917
7917
7917
7916
7916
7914
7914
7913
7912
7912
7912
7912
7912
7910
7910
7909
7909
7909
7908
7905
7905
7905
7902
7902
7902
7901
7898
7897
7897
7897
7896
7893
7891
7890
7889
7887
7887
7886
7885
7884
7883
7883
7881
7881
7880
7879
7877
7876
7874
7873
7872
7869
7869
7868
7866
7864
7863
7862
7860
7860
7860
7860
7859
7858
7858
7858
7856
7855
7854
7854
7854
7852
7852
7852
7849
7848
7846
7846
7845
7844
7843
7843
7835
7834
7833
7832
7831
7830
7830
7830
7829
7829
7828
7827
7826
7826
7826
7825
7825
7825
7824
7824
7824
7823
7821
7821
7820
7819
7817
7815
7815
7815
7815
7814
7812
7810
7809
7809
7808
7808
7807
7805
7802
7802
7800
7800
7800
7798
7798
7798
7794
7794
7791
7790
7790
7789
7789
7786
7785
7783
7783
7782
7781
7781
7780
7780
7779
7779
7778
7777
7776
7774
7773
7773
7772
7772
7768
7766
7766
7764
7762
7760
7759
7756
7756
7754
7753
7753
7752
7751
7750
7750
7750
7749
7748
7748
7748
7746
7746
7746
7744
7743
7743
7743
7741
7741
7740
7736
7734
7734
7731
7731
7730
7726
7724
7724
7724
7723
7722
7721
7721
7717
7717
7717
7716
7713
7711
7711
7708
7708
7707
7707
7706
7704
7704
7703
7703
7702
7700
7698
7698
7697
7696
7694
7694
7690
7690
7689
7686
7684
7683
7682
7682
7680
7680
7679
7678
7677
7676
7675
7674
7673
7673
7673
7672
7670
7670
7668
7668
7667
7667
7661
7661
7660
7659
7659
7658
7655
7652
7650
7649
7649
7648
7647
7647
7646
7644
7642
7641
7640
7637
7637
7635
7634
7634
7634
7632
7628
7628
7627
7627
7621
7620
7619
7617
7615
7613
7613
7613
7613
7610
7609
7609
7609
7608
7608
7607
7606
7603
7602
7601
7599
7598
7598
7598
7596
7595
7595
7593
7593
7592
7591
7588
7587
7587
7586
7582
7581
7577
7576
7572
7572
7569
7566
7564
7563
7562
7561
7558
7558
7557
7557
7557
7554
7554
7552
7549
7546
7546
7544
7544
7543
7542
7542
7541
7541
7537
7537
7536
7536
7536
7535
7535
7535
7534
7533
7532
7532
7532
7530
7530
7530
7529
7527
7527
7527
7526
7526
7525
7525
7523
7521
7521
7520
7519
7518
7517
7512
7511
7511
7511
7510
7506
7506
7506
7506
7505
7504
7504
7503
7503
7503
7502
7501
7500
7499
7497
7496
7496
7496
7495
7495
7495
7494
7492
7491
7490
7489
7485
7484
7483
7483
7482
7481
7481
7481
7480
7479
7478
7477
7477
7475
7474
7474
7473
7473
7473
7470
7469
7469
7466
7466
7466
7464
7464
7463
7461
7460
7460
7458
7458
7457
7456
7456
7455
7455
7452
7450
7450
7448
7448
7448
7447
7447
7446
7445
7441
7441
7439
7438
7436
7436
7434
7432
7430
7430
7428
7426
7424
7424
7423
7423
7421
7418
7417
7417
7415
7414
7414
7413
7413
7412
7412
7411
7411
7411
7410
7409
7409
7408
7407
7407
7406
7406
7401
7401
7400
7398
7397
7394
7392
7392
7390
7390
7389
7388
7386
7385
7385
7384
7384
7384
7382
7380
7380
7378
7374
7374
7374
7372
7372
7370
7368
7366
7366
7366
7364
7364
7360
7359
7359
7357
7357
7356
7353
7351
7351
7349
7348
7348
7346
7345
7344
7343
7340
7339
7338
7338
7338
7337
7337
7335
7335
7334
7333
7332
7328
7327
7326
7326
7326
7326
7325
7323
7322
7321
7321
7316
7313
7312
7310
7308
7308
7307
7306
7305
7305
7303
7302
7300
7299
7296
7296
7296
7295
7295
7295
7295
7292
7292
7290
7289
7288
7288
7287
7286
7286
7285
7285
7285
7284
7283
7283
7282
7282
7282
7280
7278
7278
7277
7277
7277
7272
7271
7270
7269
7268
7267
7266
7262
7262
7261
7261
7254
7253
7253
7252
7252
7250
7247
7246
7245
7244
7244
7243
7243
7242
7241
7239
7238
7238
7237
7236
7236
7235
7235
7234
7234
7233
7233
7230
7224
7222
7221
7221
7220
7220
7219
7219
7219
7218
7218
7217
7216
7215
7215
7213
7211
7210
7209
7209
7207
7206
7204
7204
7204
7203
7203
7203
7200
7199
7199
7198
7198
7194
7193
7193
7192
7191
7191
7189
7187
7183
7181
7180
7180
7178
7177
7172
7169
7169
7168
7168
7168
7165
7164
7163
7163
7161
7160
7160
7157
7156
7156
7154
7153
7152
7151
7151
7148
7147
7146
7145
7145
7144
7143
7142
7142
7139
7139
7138
7138
7137
7135
7135
7134
7133
7133
7131
7129
7128
7128
7127
7124
7119
7119
7118
7117
7117
7117
7115
7114
7111
7111
7111
7110
7109
7109
7104
7103
7103
7098
7097
7097
7097
7096
7096
7094
7094
7092
7092
7091
7086
7083
7082
7081
7077
7077
7077
7075
7071
7070
7070
7067
7067
7066
7064
7063
7062
7062
7062
7062
7059
7059
7055
7055
7051
7047
7046
7046
7044
7043
7043
7042
7042
7042
7038
7037
7037
7036
7036
7036
7035
7034
7034
7034
7034
7034
7033
7032
7030
7030
7029
7028
7028
7027
7027
7025
7023
7022
7022
7020
7020
7019
7018
7018
7017
7016
7016
7015
7013
7012
7012
7010
7010
7008
7007
7006
7006
7006
7005
7004
7004
7004
7003
7002
7002
7000
6999
6997
6996
6995
6994
6993
6993
6990
6986
6985
6983
6983
6982
6981
6979
6978
6978
6973
6972
6972
6969
6968
6967
6966
6965
6965
6965
6962
6960
6960
6958
6958
6956
6956
6955
6955
6953
6952
6952
6951
6948
6948
6947
6946
6946
6945
6945
6941
6941
6939
6939
6939
6938
6938
6937
6934
6934
6933
6932
6930
6926
6925
6925
6925
6924
6923
6923
6923
6923
6922
6921
6921
6920
6918
6917
6915
6915
6914
6913
6912
6910
6909
6909
6908
6908
6906
6904
6903
6903
6902
6902
6902
6902
6900
6900
6900
6899
6898
6897
6896
6896
6895
6894
6892
6892
6890
6890
6886
6886
6885
6885
6884
6883
6882
6882
6881
6880
6880
6879
6879
6878
6878
6874
6871
6870
6868
6867
6867
6865
6865
6863
6862
6861
6861
6860
6860
6858
6856
6855
6851
6851
6849
6849
6847
6847
6847
6842
6839
6837
6836
6836
6834
6834
6833
6833
6831
6830
6828
6827
6826
6825
6825
6825
6825
6821
6819
6817
6816
6816
6815
6815
6814
6813
6810
6810
6809
6809
6809
6809
6808
6808
6808
6806
6806
6805
6805
6804
6803
6803
6803
6802
6801
6801
6800
6800
6798
6798
6798
6797
6793
6793
6792
6790
6789
6789
6788
6788
6787
6786
6785
6783
6781
6780
6780
6779
6776
6774
6772
6770
6770
6768
6768
6767
6767
6767
6767
6765
6763
6762
6762
6761
6761
6761
6759
6758
6755
6753
6752
6750
6750
6749
6748
6746
6746
6745
6745
6744
6744
6744
6741
6740
6736
6734
6732
6731
6731
6729
6728
6728
6724
6723
6720
6720
6719
6718
6717
6717
6715
6714
6712
6708
6708
6708
6704
6701
6701
6700
6699
6698
6697
6695
6695
6694
6693
6693
6693
6692
6692
6691
6691
6690
6690
6690
6689
6689
6687
6687
6685
6684
6683
6683
6682
6682
6679
6679
6679
6677
6677
6677
6676
6676
6673
6672
6670
6668
6668
6668
6668
6667
6667
6666
6666
6665
6665
6664
6663
6663
6662
6662
6660
6660
6659
6659
6658
6658
6657
6657
6654
6653
6650
6649
6647
6647
6645
6645
6644
6644
6641
6639
6638
6637
6637
6636
6636
6635
6633
6633
6632
6632
6630
6630
6629
6629
6628
6628
6628
6627
6625
6625
6625
6624
6622
6622
6621
6619
6619
6616
6615
6615
6614
6614
6613
6613
6612
6611
6609
6607
6607
6606
6606
6603
6601
6601
6600
6599
6599
6594
6594
6590
6587
6582
6582
6581
6580
6580
6578
6578
6577
6575
6574
6574
6572
6565
6565
6564
6564
6563
6562
6562
6559
6558
6556
6555
6554
6554
6552
6550
6549
6548
6546
6544
6544
6543
6543
6542
6541
6540
6540
6540
6540
6539
6539
6538
6534
6534
6534
6531
6529
6528
6525
6524
6523
6523
6523
6521
6521
6520
6517
6517
6516
6516
6516
6514
6514
6513
6511
6511
6510
6508
6507
6507
6506
6502
6500
6500
6497
6496
6494
6493
6493
6493
6491
6491
6490
6489
6486
6486
6485
6485
6485
6485
6484
6481
6481
6480
6480
6480
6479
6476
6475
6475
6474
6474
6473
6471
6470
6470
6469
6468
6468
6460
6457
6457
6456
6454
6452
6451
6449
6449
6446
6444
6444
6442
6440
6439
6437
6435
6434
6434
6434
6432
6432
6432
6431
6431
6431
6430
6429
6429
6427
6427
6424
6423
6417
6415
6414
6414
6414
6413
6411
6410
6409
6406
6404
6401
6399
6397
6397
6397
6395
6395
6395
6393
6390
6388
6387
6387
6386
6386
6386
6384
6384
6383
6382
6381
6379
6377
6377
6374
6374
6374
6374
6373
6373
6371
6370
6370
6370
6369
6369
6368
6368
6364
6363
6362
6361
6361
6361
6361
6361
6359
6359
6358
6358
6357
6356
6355
6355
6354
6352
6352
6351
6351
6350
6346
6343
6337
6336
6336
6335
6334
6333
6333
6332
6332
6331
6331
6331
6331
6330
6330
6330
6328
6327
6327
6327
6326
6323
6320
6319
6319
6318
6316
6315
6314
6314
6312
6309
6309
6308
6308
6305
6305
6304
6304
6302
6302
6301
6301
6300
6300
6299
6299
6297
6297
6295
6295
6294
6294
6293
6292
6291
6291
6289
6285
6285
6283
6283
6283
6281
6280
6276
6273
6269
6269
6267
6267
6265
6265
6264
6263
6263
6260
6260
6260
6253
6251
6248
6247
6247
6246
6246
6245
6244
6244
6243
6243
6242
6242
6242
6241
6241
6240
6240
6239
6238
6238
6237
6233
6233
6231
6231
6231
6229
6228
6228
6226
6226
6226
6224
6223
6223
6222
6221
6221
6220
6219
6219
6219
6219
6218
6217
6216
6216
6215
6215
6211
6211
6210
6210
6209
6208
6206
6205
6204
6201
6200
6200
6197
6197
6193
6190
6190
6189
6189
6186
6185
6185
6185
6184
6183
6183
6183
6182
6182
6179
6179
6177
6174
6172
6167
6166
6166
6159
6159
6158
6158
6158
6155
6155
6154
6153
6147
6147
6146
6145
6145
6141
6137
6137
6135
6135
6135
6135
6135
6133
6133
6133
6132
6131
6126
6126
6126
6126
6125
6125
6122
6121
6120
6118
6117
6117
6115
6112
6111
6110
6108
6108
6107
6106
6102
6101
6100
6100
6100
6100
6100
6099
6098
6097
6095
6090
6084
6084
6082
6079
6078
6078
6078
6077
6077
6076
6076
6074
6074
6074
6073
6073
6072
6071
6071
6070
6069
6066
6065
6065
6061
6061
6061
6060
6060
6060
6056
6055
6055
6054
6054
6050
6050
6047
6047
6046
6045
6044
6042
6041
6038
6035
6035
6034
6034
6029
6028
6028
6027
6027
6026
6025
6024
6024
6023
6023
6022
6022
6021
6021
6020
6019
6019
6018
6017
6017
6017
6016
6015
6014
6014
6013
6011
6010
6009
6008
6008
6007
6007
6006
6004
6003
6001
6001
5997
5997
5996
5991
5990
5989
5988
5988
5987
5984
5983
5981
5980
5980
5976
5974
5974
5973
5973
5972
5970
5967
5961
5961
5959
5958
5957
5956
5954
5954
5953
5952
5952
5952
5950
5949
5948
5947
5945
5945
5944
5944
5943
5942
5942
5942
5941
5940
5939
5939
5939
5938
5937
5937
5934
5933
5931
5930
5930
5930
5929
5929
5928
5927
5927
5926
5923
5922
5921
5921
5920
5919
5918
5915
5915
5912
5911
5911
5907
5906
5906
5903
5901
5901
5900
5899
5899
5898
5898
5897
5897
5896
5896
5895
5895
5894
5894
5893
5891
5890
5890
5889
5889
5888
5886
5884
5883
5883
5881
5881
5879
5877
5875
5874
5874
5873
5870
5870
5870
5870
5869
5868
5867
5866
5863
5862
5862
5862
5862
5860
5859
5858
5858
5858
5857
5857
5856
5856
5855
5855
5854
5854
5854
5853
5851
5850
5849
5848
5845
5845
5844
5843
5843
5843
5840
5837
5836
5834
5832
5832
5831
5831
5830
5829
5824
5823
5822
5822
5821
5820
5820
5819
5817
5817
5816
5815
5812
5810
5808
5805
5805
5805
5804
5803
5803
5801
5799
5798
5798
5797
5797
5797
5795
5795
5794
5794
5793
5793
5790
5787
5787
5786
5786
5781
5781
5781
5780
5780
5777
5773
5773
5771
5770
5770
5768
5768
5767
5766
5766
5766
5766
5766
5765
5764
5764
5764
5760
5760
5760
5760
5759
5759
5758
5757
5757
5757
5756
5753
5751
5750
5749
5749
5748
5746
5744
5741
5739
5738
5738
5737
5736
5736
5734
5734
5733
5732
5732
5730
5729
5729
5728
5727
5727
5725
5725
5724
5722
5720
5717
5716
5714
5714
5712
5712
5712
5709
5708
5708
5707
5706
5705
5702
5701
5700
5698
5698
5697
5696
5696
5696
5694
5694
5694
5694
5692
5692
5692
5692
5690
5689
5689
5687
5686
5684
5684
5683
5683
5683
5682
5682
5681
5680
5680
5678
5678
5678
5678
5677
5677
5677
5676
5675
5674
5674
5673
5673
5672
5671
5671
5669
5666
5665
5663
5663
5662
5661
5659
5658
5657
5656
5656
5656
5655
5654
5654
5653
5651
5650
5646
5645
5645
5645
5644
5644
5643
5643
5639
5639
5638
5634
5634
5633
5632
5632
5632
5628
5624
5622
5622
5621
5620
5620
5619
5618
5618
5617
5617
5616
5616
5615
5613
5612
5612
5611
5609
5609
5609
5608
5607
5606
5606
5605
5603
5603
5603
5602
5601
5600
5598
5596
5594
5590
5589
5589
5589
5588
5588
5587
5584
5584
5582
5582
5581
5581
5578
5575
5575
5573
5573
5572
5572
5572
5566
5565
5565
5564
5564
5563
5563
5562
5561
5558
5557
5556
5556
5555
5553
5552
5551
5549
5549
5546
5546
5545
5544
5540
5539
5538
5537
5534
5531
5531
5531
5528
5528
5527
5527
5527
5524
5523
5521
5520
5520
5518
5518
5515
5514
5514
5514
5513
5512
5512
5511
5509
5508
5508
5508
5507
5506
5505
5504
5504
5503
5503
5503
5502
5501
5500
5499
5499
5499
5498
5496
5492
5491
5491
5490
5490
5490
5488
5488
5488
5484
5484
5484
5484
5482
5482
5481
5478
5478
5477
5475
5475
5474
5474
5473
5472
5470
5470
5470
5469
5469
5468
5468
5467
5466
5466
5466
5466
5465
5463
5463
5462
5461
5458
5457
5455
5454
5454
5451
5448
5447
5447
5446
5445
5443
5442
5441
5441
5440
5439
5437
5436
5435
5435
5435
5433
5432
5431
5427
5427
5426
5426
5425
5423
5423
5422
5420
5418
5417
5417
5415
5414
5413
5413
5412
5410
5409
5409
5407
5406
5406
5405
5404
5403
5403
5401
5400
5400
5400
5400
5399
5398
5397
5396
5395
5395
5394
5393
5393
5393
5393
5392
5392
5391
5391
5389
5389
5389
5384
5384
5381
5380
5380
5379
5377
5377
5376
5373
5372
5371
5370
5369
5367
5366
5365
5364
5364
5363
5363
5362
5362
5361
5360
5359
5357
5357
5357
5357
5356
5352
5351
5350
5350
5349
5349
5348
5347
5345
5345
5344
5342
5341
5341
5340
5340
5339
5339
5339
5338
5336
5335
5334
5334
5333
5332
5332
5330
5330
5330
5329
5328
5328
5327
5326
5325
5324
5323
5320
5316
5316
5315
5315
5314
5312
5312
5310
5310
5310
5309
5308
5308
5305
5305
5305
5303
5300
5300
5300
5299
5298
5297
5297
5296
5295
5295
5293
5291
5289
5287
5286
5285
5285
5282
5281
5279
5278
5277
5276
5274
5274
5274
5271
5271
5269
5267
5265
5264
5263
5263
5262
5260
5258
5258
5255
5254
5254
5253
5251
5251
5251
5245
5244
5243
5242
5238
5237
5237
5237
5237
5237
5236
5233
5226
5225
5225
5222
5221
5220
5220
5218
5217
5214
5214
5211
5209
5208
5206
5205
5200
5195
5195
5193
5192
5191
5191
5190
5189
5188
5188
5188
5185
5183
5182
5181
5181
5180
5180
5179
5179
5179
5179
5176
5176
5176
5176
5175
5175
5173
5173
5171
5168
5163
5162
5161
5161
5160
5160
5158
5157
5156
5156
5154
5154
5153
5148
5147
5147
5146
5146
5144
5143
5142
5140
5139
5138
5137
5137
5136
5136
5136
5134
5132
5131
5130
5130
5127
5127
5127
5125
5116
5114
5114
5114
5113
5113
5110
5110
5110
5106
5105
5102
5102
5102
5101
5101
5100
5099
5098
5098
5096
5096
5095
5094
5089
5087
5086
5086
5084
5082
5081
5081
5081
5081
5080
5079
5077
5076
5075
5075
5074
5073
5071
5071
5070
5070
5070
5068
5068
5064
5063
5063
5062
5062
5061
5061
5057
5057
5056
5055
5054
5052
5052
5051
5051
5049
5048
5048
5048
5047
5046
5046
5046
5046
5045
5041
5041
5036
5036
5035
5035
5034
5033
5033
5032
5032
5031
5031
5028
5026
5026
5025
5024
5023
5022
5021
5020
5020
5018
5018
5017
5016
5016
5016
5015
5015
5014
5014
5013
5012
5009
5008
5008
5008
5007
5007
5007
5006
5005
5005
5001
5000
5000
4999
4991
4990
4990
4989
4985
4979
4978
4976
4974
4974
4973
4972
4970
4969
4964
4963
4963
4961
4960
4960
4956
4955
4954
4954
4951
4948
4947
4947
4946
4944
4944
4942
4942
4941
4939
4938
4937
4933
4933
4933
4931
4928
4928
4927
4927
4926
4926
4925
4925
4922
4922
4920
4917
4916
4915
4914
4914
4913
4912
4911
4910
4909
4907
4907
4906
4905
4904
4902
4902
4901
4900
4899
4898
4896
4895
4895
4895
4895
4894
4893
4893
4891
4891
4891
4889
4888
4888
4887
4886
4886
4885
4884
4884
4883
4879
4878
4878
4878
4877
4874
4870
4869
4867
4867
4866
4864
4861
4859
4858
4858
4856
4850
4848
4847
4844
4844
4844
4844
4844
4842
4841
4841
4840
4839
4837
4836
4833
4832
4831
4828
4827
4826
4822
4821
4820
4818
4817
4816
4816
4816
4815
4813
4813
4813
4812
4811
4810
4809
4808
4808
4808
4807
4807
4805
4805
4803
4803
4801
4801
4800
4799
4798
4798
4797
4797
4796
4795
4795
4795
4794
4791
4791
4787
4786
4784
4782
4782
4781
4781
4779
4778
4776
4776
4775
4774
4770
4769
4767
4766
4764
4763
4762
4761
4761
4759
4759
4759
4759
4758
4757
4756
4756
4754
4753
4753
4751
4745
4741
4740
4739
4738
4736
4734
4734
4733
4730
4729
4729
4729
4728
4724
4724
4723
4723
4722
4722
4722
4722
4719
4719
4719
4718
4716
4714
4714
4714
4714
4713
4713
4711
4709
4708
4707
4706
4706
4702
4702
4701
4700
4700
4698
4697
4695
4694
4693
4693
4693
4692
4690
4690
4689
4689
4687
4684
4684
4681
4681
4680
4680
4680
4678
4678
4676
4674
4673
4673
4672
4671
4671
4670
4670
4669
4668
4668
4667
4665
4664
4661
4661
4659
4658
4657
4654
4654
4652
4652
4651
4649
4649
4649
4647
4646
4644
4643
4643
4641
4641
4639
4637
4636
4635
4634
4632
4630
4628
4626
4623
4620
4616
4616
4613
4613
4612
4612
4612
4612
4610
4610
4610
4610
4609
4608
4606
4605
4603
4603
4602
4600
4599
4598
4597
4595
4593
4593
4591
4591
4591
4589
4587
4587
4585
4584
4584
4584
4582
4581
4581
4580
4577
4577
4575
4574
4572
4571
4570
4567
4566
4562
4560
4560
4560
4558
4557
4554
4553
4553
4553
4552
4552
4552
4551
4548
4546
4544
4544
4539
4538
4538
4538
4537
4536
4536
4536
4532
4532
4532
4530
4530
4528
4528
4528
4527
4525
4524
4524
4523
4521
4521
4518
4513
4513
4511
4510
4507
4507
4507
4505
4503
4503
4503
4502
4502
4501
4499
4495
4495
4495
4494
4493
4491
4488
4488
4488
4487
4486
4484
4483
4482
4482
4481
4479
4479
4478
4475
4474
4473
4472
4471
4470
4468
4466
4465
4464
4463
4462
4461
4461
4459
4458
4458
4457
4457
4455
4454
4452
4450
4449
4447
4447
4446
4445
4444
4443
4442
4442
4441
4439
4439
4437
4437
4437
4436
4434
4434
4433
4433
4432
4431
4431
4429
4425
4425
4424
4424
4424
4418
4417
4417
4415
4415
4414
4414
4413
4412
4412
4412
4411
4410
4410
4409
4408
4406
4406
4405
4405
4403
4402
4402
4400
4396
4396
4394
4393
4393
4391
4391
4390
4390
4389
4388
4386
4385
4384
4382
4381
4379
4378
4378
4377
4377
4377
4376
4375
4374
4371
4368
4364
4363
4363
4362
4360
4360
4359
4358
4358
4356
4356
4355
4355
4355
4353
4353
4352
4352
4352
4351
4351
4350
4350
4350
4349
4348
4348
4345
4343
4342
4342
4340
4339
4338
4337
4336
4336
4334
4334
4333
4333
4332
4328
4328
4326
4323
4323
4323
4319
4317
4314
4314
4313
4312
4312
4310
4310
4309
4309
4307
4307
4305
4303
4299
4299
4297
4296
4292
4291
4291
4291
4290
4290
4288
4285
4285
4284
4284
4282
4282
4281
4280
4280
4279
4274
4274
4272
4272
4269
4269
4268
4266
4266
4262
4260
4260
4258
4255
4254
4253
4253
4252
4251
4250
4250
4249
4249
4248
4243
4239
4238
4238
4235
4235
4233
4232
4232
4231
4231
4229
4228
4227
4225
4224
4224
4222
4222
4222
4221
4219
4219
4218
4218
4217
4216
4211
4209
4206
4204
4202
4202
4201
4198
4197
4197
4196
4192
4191
4188
4187
4187
4186
4186
4185
4183
4183
4181
4180
4179
4177
4176
4175
4175
4174
4171
4171
4171
4170
4169
4169
4169
4168
4167
4167
4166
4166
4164
4163
4162
4159
4159
4156
4154
4154
4153
4151
4151
4151
4150
4149
4149
4149
4147
4145
4145
4143
4141
4140
4139
4136
4132
4132
4131
4131
4130
4129
4128
4127
4123
4122
4122
4121
4114
4113
4112
4109
4109
4107
4107
4106
4106
4105
4104
4103
4102
4101
4100
4098
4097
4097
4096
4096
4095
4094
4094
4094
4090
4090
4089
4089
4086
4085
4084
4083
4082
4079
4078
4078
4078
4078
4078
4077
4076
4076
4073
4070
4070
4070
4069
4068
4067
4066
4064
4064
4063
4062
4061
4061
4059
4058
4057
4057
4057
4056
4055
4055
4054
4054
4052
4048
4037
4037
4037
4035
4034
4032
4031
4031
4031
4030
4029
4028
4026
4024
4024
4023
4019
4018
4016
4011
4008
4008
4007
4007
4006
4005
4004
4004
4003
4002
4001
4000
3997
3996
3996
3994
3994
3992
3991
3990
3988
3987
3984
3983
3981
3980
3975
3975
3975
3974
3973
3972
3972
3972
3971
3970
3969
3968
3967
3963
3961
3960
3960
3959
3959
3959
3958
3954
3953
3950
3950
3949
3949
3948
3948
3945
3945
3945
3944
3943
3943
3943
3942
3939
3938
3937
3937
3936
3933
3932
3929
3927
3927
3926
3924
3923
3923
3920
3919
3918
3918
3917
3915
3913
3913
3912
3911
3911
3909
3907
3906
3904
3902
3901
3901
3901
3896
3894
3894
3893
3889
3887
3885
3884
3882
3882
3882
3881
3876
3876
3876
3875
3874
3874
3873
3873
3871
3869
3869
3869
3868
3868
3868
3867
3866
3865
3865
3864
3863
3863
3862
3861
3860
3860
3859
3858
3857
3857
3857
3857
3856
3853
3853
3853
3852
3846
3846
3842
3842
3842
3841
3841
3841
3839
3839
3839
3837
3836
3835
3835
3834
3834
3833
3832
3832
3832
3831
3829
3828
3827
3827
3825
3819
3819
3817
3817
3816
3816
3815
3813
3812
3812
3812
3811
3811
3810
3810
3810
3809
3809
3809
3808
3804
3804
3803
3800
3800
3799
3797
3797
3796
3796
3794
3794
3790
3788
3788
3787
3786
3786
3785
3785
3783
3781
3780
3780
3777
3776
3776
3771
3771
3770
3769
3768
3768
3768
3768
3765
3764
3764
3764
3763
3760
3759
3759
3758
3756
3756
3754
3753
3752
3751
3750
3748
3743
3742
3741
3741
3737
3737
3736
3736
3734
3733
3733
3730
3730
3729
3728
3726
3725
3723
3722
3721
3720
3719
3715
3712
3712
3711
3711
3709
3709
3708
3708
3707
3705
3704
3704
3702
3702
3701
3699
3699
3697
3696
3694
3693
3691
3691
3689
3689
3688
3688
3687
3686
3681
3681
3679
3677
3676
3675
3675
3673
3672
3671
3670
3670
3670
3669
3669
3669
3668
3665
3664
3664
3662
3660
3659
3659
3659
3658
3656
3655
3655
3654
3652
3651
3650
3648
3647
3647
3645
3645
3645
3643
3642
3642
3641
3641
3640
3638
3638
3637
3636
3635
3635
3633
3632
3631
3630
3627
3626
3626
3621
3620
3618
3618
3618
3617
3616
3614
3614
3613
3611
3611
3609
3609
3609
3608
3608
3607
3607
3605
3605
3604
3604
3599
3597
3595
3595
3594
3592
3592
3590
3590
3586
3585
3584
3584
3582
3581
3580
3580
3579
3579
3579
3578
3578
3576
3576
3575
3572
3572
3570
3570
3569
3569
3568
3568
3568
3567
3566
3565
3564
3562
3561
3560
3559
3558
3555
3553
3549
3547
3545
3545
3543
3542
3540
3539
3539
3533
3529
3529
3528
3528
3528
3527
3525
3525
3524
3522
3521
3520
3520
3519
3517
3516
3516
3515
3514
3514
3514
3512
3511
3511
3511
3510
3510
3509
3509
3508
3507
3506
3506
3504
3504
3502
3502
3498
3497
3496
3495
3495
3494
3494
3492
3492
3491
3490
3490
3487
3487
3487
3486
3486
3481
3478
3477
3477
3475
3474
3473
3472
3469
3469
3467
3466
3465
3465
3465
3464
3464
3464
3462
3462
3461
3460
3459
3459
3459
3458
3458
3456
3455
3454
3453
3448
3448
3446
3446
3445
3444
3444
3442
3441
3441
3440
3439
3439
3438
3438
3438
3437
3436
3436
3435
3434
3433
3432
3432
3430
3428
3428
3427
3427
3427
3425
3424
3424
3423
3423
3418
3416
3415
3414
3414
3413
3411
3409
3409
3406
3404
3402
3398
3398
3397
3397
3397
3397
3395
3395
3394
3392
3391
3391
3390
3390
3389
3389
3389
3389
3388
3381
3381
3379
3376
3375
3374
3374
3372
3372
3371
3371
3370
3367
3367
3367
3361
3361
3360
3359
3358
3358
3357
3354
3351
3351
3349
3348
3348
3347
3347
3344
3343
3343
3342
3341
3340
3340
3339
3339
3338
3336
3335
3334
3333
3333
3332
3332
3327
3326
3326
3323
3322
3322
3321
3319
3317
3317
3316
3316
3315
3315
3315
3313
3312
3312
3311
3310
3306
3306
3306
3305
3305
3303
3301
3299
3298
3297
3295
3294
3294
3294
3288
3283
3281
3281
3281
3280
3279
3279
3276
3272
3272
3271
3270
3267
3265
3264
3263
3261
3260
3258
3258
3256
3256
3256
3253
3252
3251
3249
3246
3245
3244
3244
3243
3239
3239
3238
3235
3235
3235
3234
3233
3231
3231
3229
3226
3224
3223
3222
3221
3220
3220
3217
3217
3216
3215
3215
3215
3210
3208
3208
3207
3207
3206
3204
3203
3203
3202
3200
3200
3199
3198
3198
3198
3198
3197
3196
3194
3193
3193
3191
3191
3189
3188
3183
3183
3182
3182
3179
3178
3177
3175
3174
3174
3174
3172
3171
3170
3169
3168
3164
3163
3163
3159
3159
3158
3157
3157
3157
3156
3155
3152
3151
3151
3150
3149
3149
3149
3147
3146
3144
3143
3142
3141
3140
3136
3133
3133
3132
3132
3132
3131
3130
3129
3128
3128
3127
3126
3125
3125
3124
3123
3122
3121
3119
3118
3118
3116
3115
3115
3113
3113
3113
3113
3112
3112
3110
3109
3108
3107
3107
3107
3106
3103
3102
3102
3102
3100
3099
3099
3097
3095
3094
3093
3092
3092
3090
3090
3090
3089
3089
3088
3088
3088
3088
3087
3087
3087
3086
3086
3085
3085
3084
3084
3082
3082
3081
3078
3077
3076
3076
3075
3075
3073
3069
3066
3066
3065
3065
3065
3065
3064
3062
3062
3058
3057
3056
3054
3054
3053
3052
3052
3052
3047
3046
3045
3043
3041
3040
3038
3030
3029
3029
3029
3028
3028
3024
3024
3023
3022
3022
3021
3021
3017
3017
3017
3016
3015
3015
3015
3010
3007
3006
3005
3005
3005
3005
3004
3003
3003
3001
3000
3000
2999
2998
2997
2995
2994
2993
2992
2991
2990
2990
2989
2987
2984
2984
2983
2980
2980
2980
2976
2975
2974
2974
2974
2973
2973
2973
2972
2970
2970
2969
2967
2965
2965
2963
2961
2960
2959
2958
2957
2957
2955
2953
2953
2951
2950
2949
2949
2949
2945
2945
2944
2943
2942
2942
2941
2938
2937
2935
2935
2934
2934
2934
2934
2932
2931
2930
2928
2928
2926
2925
2923
2920
2919
2915
2914
2913
2913
2911
2910
2907
2905
2903
2903
2902
2901
2900
2898
2897
2896
2896
2895
2895
2894
2894
2894
2892
2892
2892
2892
2892
2890
2889
2889
2889
2887
2887
2885
2882
2879
2878
2877
2877
2875
2875
2873
2873
2872
2871
2869
2869
2867
2867
2866
2865
2865
2860
2860
2858
2858
2858
2857
2856
2856
2852
2851
2850
2850
2849
2846
2846
2845
2844
2844
2842
2841
2840
2839
2835
2835
2835
2834
2834
2833
2833
2833
2833
2833
2831
2829
2828
2827
2825
2824
2824
2822
2821
2819
2818
2818
2817
2815
2815
2812
2810
2808
2808
2805
2805
2804
2803
2802
2801
2801
2801
2801
2801
2800
2800
2799
2795
2795
2793
2792
2792
2791
2790
2789
2789
2788
2787
2787
2786
2786
2786
2785
2785
2782
2782
2782
2781
2781
2780
2780
2779
2779
2779
2777
2774
2773
2772
2769
2768
2767
2767
2766
2765
2764
2763
2763
2762
2762
2760
2759
2759
2758
2757
2757
2755
2755
2754
2754
2753
2751
2751
2751
2750
2750
2749
2748
2748
2746
2746
2745
2745
2744
2744
2743
2741
2740
2739
2739
2738
2738
2738
2737
2737
2737
2737
2737
2735
2735
2735
2735
2734
2734
2733
2733
2731
2731
2729
2728
2727
2726
2726
2725
2724
2723
2723
2722
2720
2720
2720
2720
2719
2718
2718
2718
2717
2716
2716
2716
2716
2715
2713
2713
2713
2713
2712
2712
2712
2711
2711
2710
2710
2709
2709
2708
2707
2707
2706
2705
2705
2704
2704
2702
2702
2701
2701
2700
2698
2697
2695
2693
2692
2690
2690
2688
2687
2686
2686
2685
2684
2683
2682
2681
2680
2679
2679
2678
2676
2676
2675
2675
2672
2672
2671
2671
2670
2670
2670
2670
2670
2670
2669
2668
2668
2667
2666
2665
2664
2663
2663
2663
2662
2658
2658
2658
2658
2658
2657
2655
2654
2650
2650
2648
2648
2646
2644
2644
2642
2641
2640
2639
2639
2639
2637
2637
2637
2636
2636
2636
2636
2634
2633
2633
2633
2632
2631
2629
2627
2626
2626
2625
2624
2622
2621
2620
2620
2620
2618
2617
2617
2616
2615
2615
2610
2610
2609
2609
2608
2608
2606
2604
2604
2602
2601
2600
2599
2599
2599
2599
2597
2597
2597
2596
2595
2594
2594
2593
2591
2590
2590
2589
2589
2587
2587
2586
2585
2584
2583
2583
2582
2582
2581
2580
2579
2579
2579
2579
2578
2576
2576
2576
2575
2575
2573
2573
2572
2571
2570
2569
2569
2569
2568
2568
2568
2567
2567
2566
2566
2566
2565
2565
2563
2563
2563
2562
2561
2561
2560
2560
2559
2557
2557
2557
2555
2554
2554
2553
2552
2551
2551
2551
2547
2547
2546
2545
2544
2544
2544
2542
2541
2539
2537
2535
2535
2535
2535
2535
2534
2534
2534
2532
2532
2532
2532
2531
2530
2529
2528
2528
2527
2526
2526
2524
2524
2523
2522
2521
2519
2516
2515
2514
2511
2510
2510
2509
2509
2509
2508
2507
2506
2505
2503
2503
2501
2500
2500
2498
2496
2496
2495
2494
2493
2492
2491
2489
2488
2487
2486
2485
2485
2484
2484
2483
2483
2481
2481
2480
2479
2477
2477
2476
2475
2472
2472
2472
2471
2470
2470
2469
2468
2468
2465
2464
2462
2462
2461
2461
2461
2459
2458
2458
2458
2457
2456
2456
2454
2454
2454
2453
2452
2450
2449
2449
2448
2448
2446
2444
2442
2441
2440
2439
2435
2434
2433
2433
2432
2432
2431
2430
2429
2429
2428
2428
2428
2427
2427
2427
2426
2425
2423
2422
2422
2421
2420
2420
2418
2418
2417
2417
2417
2416
2415
2415
2414
2414
2413
2413
2412
2411
2410
2410
2410
2410
2409
2409
2408
2408
2407
2407
2407
2406
2406
2403
2403
2403
2402
2402
2401
2401
2400
2398
2397
2396
2395
2394
2393
2393
2392
2391
2388
2387
2387
2387
2386
2384
2383
2382
2382
2381
2381
2380
2380
2379
2378
2378
2377
2377
2377
2375
2373
2372
2372
2371
2371
2370
2370
2369
2368
2367
2365
2363
2363
2361
2361
2361
2360
2359
2359
2358
2358
2357
2355
2355
2355
2353
2353
2352
2351
2350
2350
2349
2349
2349
2348
2347
2347
2346
2345
2345
2345
2342
2342
2342
2340
2336
2336
2332
2330
2329
2329
2328
2328
2327
2327
2325
2322
2322
2321
2320
2318
2318
2318
2316
2315
2313
2312
2311
2311
2310
2309
2309
2309
2309
2309
2308
2307
2306
2306
2302
2300
2300
2300
2299
2299
2297
2295
2294
2294
2293
2293
2292
2291
2291
2290
2290
2289
2289
2289
2289
2288
2288
2288
2288
2286
2284
2283
2282
2282
2280
2280
2279
2278
2277
2276
2276
2275
2275
2275
2274
2274
2272
2269
2268
2267
2267
2266
2266
2265
2264
2263
2263
2258
2258
2257
2257
2256
2255
2254
2253
2253
2251
2250
2248
2247
2247
2244
2243
2242
2242
2242
2242
2240
2240
2240
2240
2239
2239
2238
2237
2237
2236
2236
2235
2234
2233
2232
2230
2230
2229
2229
2228
2228
2226
2224
2224
2224
2224
2222
2222
2222
2222
2222
2221
2220
2218
2217
2217
2214
2214
2213
2213
2212
2212
2212
2211
2211
2210
2210
2210
2210
2209
2209
2208
2208
2206
2204
2204
2202
2200
2198
2197
2197
2196
2196
2196
2196
2194
2193
2191
2190
2190
2189
2187
2183
2183
2182
2182
2182
2178
2178
2175
2175
2175
2175
2174
2173
2173
2172
2172
2171
2171
2169
2166
2163
2161
2161
2161
2158
2158
2157
2156
2156
2156
2155
2154
2153
2153
2152
2151
2150
2150
2149
2149
2149
2148
2148
2146
2144
2143
2143
2142
2141
2141
2141
2140
2140
2140
2139
2138
2138
2138
2138
2137
2136
2134
2134
2131
2131
2129
2129
2128
2126
2126
2126
2123
2121
2120
2120
2120
2117
2117
2117
2114
2114
2112
2110
2109
2109
2108
2108
2107
2106
2106
2104
2104
2103
2099
2098
2096
2096
2096
2096
2095
2095
2093
2092
2091
2091
2090
2089
2088
2086
2085
2084
2084
2083
2082
2081
2080
2080
2079
2078
2078
2077
2077
2075
2074
2073
2071
2070
2070
2069
2068
2067
2066
2065
2064
2063
2063
2061
2061
2060
2060
2059
2058
2056
2054
2053
2053
2053
2053
2052
2051
2050
2048
2048
2046
2044
2044
2043
2043
2043
2042
2042
2041
2040
2039
2039
2037
2037
2037
2035
2033
2032
2030
2029
2029
2029
2028
2026
2026
2025
2024
2024
2024
2023
2022
2022
2021
2020
2020
2019
2017
2016
2012
2011
2009
2008
2008
2007
2006
2006
2006
2006
2005
2005
2004
2004
2004
1999
1999
1998
1998
1998
1996
1996
1996
1995
1994
1994
1993
1992
1991
1991
1991
1989
1987
1985
1982
1982
1981
1980
1980
1977
1976
1975
1975
1974
1974
1973
1972
1971
1970
1970
1970
1969
1969
1968
1967
1966
1965
1965
1964
1963
1963
1959
1959
1957
1956
1955
1955
1955
1954
1954
1953
1953
1951
1951
1948
1948
1948
1947
1945
1945
1940
1940
1940
1940
1940
1938
1933
1931
1928
1927
1926
1925
1919
1919
1919
1918
1918
1917
1917
1917
1915
1915
1915
1913
1913
1913
1913
1913
1908
1906
1905
1905
1904
1904
1902
1902
1902
1901
1901
1900
1900
1900
1899
1899
1898
1895
1895
1895
1895
1893
1892
1891
1889
1889
1887
1885
1884
1883
1881
1880
1880
1880
1879
1878
1877
1877
1876
1876
1874
1874
1871
1871
1870
1870
1868
1866
1865
1863
1863
1861
1861
1860
1860
1859
1858
1858
1857
1856
1856
1856
1854
1853
1852
1852
1851
1851
1850
1850
1850
1850
1849
1849
1848
1848
1847
1846
1846
1845
1843
1842
1841
1840
1839
1839
1839
1835
1834
1834
1834
1833
1833
1832
1832
1831
1830
1830
1828
1826
1825
1825
1825
1824
1824
1822
1820
1818
1818
1818
1816
1815
1815
1814
1814
1813
1811
1810
1809
1809
1809
1808
1807
1806
1806
1804
1803
1802
1801
1801
1800
1797
1797
1797
1796
1796
1795
1794
1793
1793
1789
1789
1789
1787
1786
1786
1786
1785
1784
1784
1783
1782
1782
1781
1780
1780
1779
1779
1778
1777
1776
1775
1775
1773
1772
1771
1770
1770
1769
1769
1769
1768
1768
1766
1766
1764
1764
1764
1761
1758
1758
1757
1756
1756
1755
1754
1754
1754
1754
1753
1751
1751
1750
1748
1747
1746
1746
1746
1744
1741
1740
1739
1739
1738
1738
1738
1737
1736
1735
1735
1734
1734
1734
1733
1732
1732
1731
1731
1731
1730
1730
1730
1730
1730
1729
1727
1726
1725
1722
1721
1721
1721
1720
1720
1718
1718
1715
1714
1714
1713
1712
1712
1712
1709
1708
1708
1707
1705
1705
1704
1704
1704
1704
1703
1703
1702
1701
1700
1700
1699
1697
1696
1694
1693
1693
1692
1692
1691
1691
1690
1689
1688
1687
1687
1687
1687
1686
1686
1685
1685
1685
1685
1685
1684
1684
1683
1683
1681
1680
1679
1679
1679
1671
1671
1670
1670
1668
1667
1667
1667
1667
1666
1666
1666
1666
1665
1665
1665
1665
1663
1662
1661
1660
1660
1658
1657
1657
1657
1654
1650
1650
1650
1648
1647
1647
1646
1646
1645
1644
1644
1643
1641
1641
1640
1638
1636
1635
1634
1633
1633
1632
1630
1628
1627
1626
1624
1623
1623
1622
1620
1619
1618
1616
1616
1615
1615
1614
1614
1611
1611
1611
1611
1609
1609
1608
1607
1607
1606
1606
1606
1605
1603
1603
1601
1600
1598
1598
1597
1597
1597
1597
1596
1595
1595
1594
1594
1593
1592
1592
1591
1590
1590
1590
1589
1588
1588
1588
1586
1586
1585
1585
1585
1585
1584
1582
1582
1581
1581
1580
1580
1579
1578
1577
1577
1576
1575
1575
1574
1572
1572
1571
1571
1570
1569
1569
1566
1565
1564
1563
1561
1561
1560
1560
1559
1559
1556
1556
1555
1554
1553
1553
1551
1551
1549
1549
1549
1548
1548
1546
1544
1542
1540
1539
1535
1535
1535
1535
1534
1534
1534
1533
1532
1532
1531
1531
1530
1529
1529
1528
1527
1527
1522
1520
1520
1520
1518
1517
1515
1515
1514
1512
1511
1511
1511
1511
1511
1510
1509
1508
1508
1507
1506
1506
1506
1503
1503
1501
1501
1500
1498
1497
1497
1497
1496
1495
1494
1494
1491
1491
1491
1490
1490
1488
1487
1486
1485
1484
1484
1482
1482
1482
1482
1476
1475
1475
1474
1473
1472
1471
1470
1469
1467
1466
1466
1465
1464
1464
1462
1462
1460
1460
1459
1459
1458
1456
1456
1456
1455
1454
1454
1451
1450
1448
1445
1444
1440
1440
1439
1438
1437
1436
1435
1432
1432
1432
1432
1432
1430
1430
1429
1429
1428
1427
1427
1427
1427
1426
1425
1423
1423
1423
1421
1421
1420
1420
1418
1418
1417
1415
1413
1411
1410
1409
1407
1407
1406
1406
1405
1405
1405
1405
1404
1402
1401
1401
1400
1400
1398
1398
1396
1396
1395
1394
1391
1391
1391
1390
1390
1387
1384
1382
1382
1382
1382
1380
1380
1378
1377
1377
1376
1374
1373
1372
1369
1368
1368
1367
1367
1366
1365
1364
1364
1364
1364
1364
1363
1362
1362
1362
1361
1359
1359
1358
1357
1356
1355
1355
1355
1354
1353
1352
1352
1351
1351
1351
1349
1348
1348
1348
1348
1347
1347
1346
1346
1346
1345
1343
1342
1341
1341
1339
1338
1338
1337
1337
1333
1333
1330
1329
1328
1327
1325
1325
1324
1324
1323
1323
1323
1322
1321
1319
1319
1318
1318
1317
1313
1313
1312
1312
1311
1310
1309
1308
1307
1306
1306
1304
1304
1304
1304
1303
1303
1299
1299
1298
1298
1297
1296
1294
1293
1292
1292
1292
1292
1291
1291
1291
1291
1290
1289
1288
1288
1287
1287
1284
1284
1284
1284
1283
1282
1281
1280
1280
1278
1276
1275
1275
1274
1273
1273
1272
1271
1271
1270
1269
1269
1266
1265
1265
1265
1264
1264
1263
1263
1263
1262
1261
1260
1258
1255
1254
1254
1253
1251
1250
1249
1248
1248
1247
1247
1247
1247
1245
1244
1244
1243
1241
1240
1239
1236
1236
1234
1234
1233
1232
1232
1230
1227
1226
1225
1225
1225
1223
1222
1222
1218
1217
1216
1215
1214
1212
1212
1211
1211
1210
1209
1209
1208
1207
1207
1207
1207
1205
1205
1203
1201
1201
1200
1199
1198
1197
1195
1194
1190
1188
1187
1187
1185
1184
1184
1181
1180
1180
1180
1180
1179
1179
1178
1176
1175
1175
1173
1172
1171
1170
1170
1170
1170
1170
1169
1169
1168
1168
1167
1166
1166
1164
1164
1162
1162
1161
1160
1160
1159
1158
1156
1156
1156
1155
1154
1154
1153
1151
1150
1147
1147
1145
1144
1143
1142
1142
1141
1140
1140
1139
1138
1138
1138
1137
1137
1136
1135
1135
1134
1134
1134
1133
1131
1131
1131
1131
1130
1129
1128
1128
1127
1127
1124
1122
1122
1122
1122
1121
1121
1120
1119
1117
1117
1115
1115
1114
1113
1113
1113
1113
1111
1111
1110
1110
1109
1108
1107
1107
1107
1106
1106
1105
1105
1104
1103
1102
1101
1100
1100
1099
1099
1099
1098
1098
1097
1097
1097
1095
1094
1094
1094
1093
1092
1092
1092
1091
1091
1090
1089
1089
1088
1087
1087
1085
1084
1083
1082
1081
1078
1077
1077
1075
1075
1075
1074
1073
1073
1072
1071
1070
1069
1069
1069
1066
1065
1064
1064
1064
1062
1060
1060
1060
1059
1059
1057
1055
1055
1055
1055
1054
1052
1052
1052
1052
1051
1050
1049
1049
1048
1047
1046
1045
1043
1043
1043
1041
1041
1040
1040
1039
1039
1038
1037
1037
1036
1035
1035
1034
1034
1033
1032
1029
1029
1029
1029
1029
1027
1026
1024
1024
1023
1022
1022
1020
1019
1019
1019
1018
1018
1018
1016
1015
1012
1012
1012
1010
1010
1010
1010
1009
1007
1006
1005
1004
1003
1001
999
998
997
996
995
995
994
993
992
991
990
990
989
988
988
987
986
986
986
985
984
984
983
982
980
978
978
977
977
977
973
970
970
969
969
968
968
967
966
965
965
960
960
960
959
959
958
957
956
955
953
953
950
950
950
949
948
948
947
946
945
945
945
945
943
941
940
938
937
935
935
932
932
932
931
930
930
930
928
926
925
925
923
922
921
921
920
920
919
918
918
913
913
913
911
908
908
907
907
906
906
906
904
904
904
902
898
897
896
895
895
894
893
893
893
892
892
892
892
889
888
886
886
884
884
880
877
876
875
875
874
874
873
872
871
870
870
869
866
865
865
864
864
863
863
862
861
859
858
858
857
856
856
855
855
853
852
852
851
851
851
850
849
847
846
846
845
844
843
843
841
841
841
841
841
840
840
840
840
839
839
838
837
836
835
834
834
833
833
832
831
830
829
829
828
827
827
826
825
820
818
817
815
814
814
813
812
808
804
804
804
803
802
802
801
801
800
800
799
798
796
796
796
794
792
792
791
791
790
790
790
789
789
789
788
788
788
785
785
783
782
782
780
780
779
778
777
776
775
775
775
774
774
773
772
770
765
764
763
763
762
762
759
759
759
757
752
752
752
751
750
750
749
746
745
745
745
744
744
742
742
741
741
738
737
737
736
735
735
735
732
731
729
729
725
725
724
724
724
724
723
723
723
722
721
720
720
716
716
715
715
714
714
714
714
713
712
712
712
710
709
709
708
707
706
706
705
702
702
702
702
702
701
701
700
699
698
697
695
692
691
690
690
690
685
683
682
681
681
680
680
679
679
679
679
679
678
676
676
676
673
673
673
672
671
670
670
670
669
669
668
668
667
666
665
665
664
664
664
663
662
662
661
660
659
659
659
657
655
654
654
654
653
653
653
652
652
650
649
648
647
646
644
641
641
640
640
640
639
638
638
637
636
636
636
635
634
633
631
631
630
630
628
626
625
622
621
621
621
617
617
616
616
615
615
615
615
615
614
614
612
609
608
608
607
606
606
606
604
604
604
602
602
601
598
597
596
593
593
592
592
592
591
591
590
590
590
590
589
589
588
588
584
584
583
582
582
579
579
579
577
576
575
575
574
574
574
572
571
571
571
570
570
569
568
567
567
567
566
565
565
564
564
563
562
561
560
560
557
557
557
556
556
554
554
553
553
552
551
551
549
548
548
547
547
547
547
546
545
545
543
542
541
539
539
539
537
535
533
531
531
530
530
527
527
527
526
523
522
521
521
520
518
518
517
517
516
515
515
514
514
514
514
509
509
509
508
508
508
508
507
507
507
507
506
504
502
502
502
501
499
499
498
496
495
493
493
491
491
490
490
490
489
489
488
488
487
486
485
483
483
483
480
479
479
479
477
476
474
472
470
469
469
469
468
467
466
466
466
465
464
463
463
462
460
460
459
458
456
452
451
450
449
449
449
449
449
448
448
447
447
446
445
443
441
441
440
439
439
439
439
438
437
435
434
433
433
432
431
431
430
429
428
428
427
427
427
424
424
424
423
423
420
420
419
419
418
417
416
415
414
414
414
413
413
413
413
413
412
412
412
411
411
411
407
406
405
404
404
403
402
401
401
400
397
397
396
396
392
391
390
390
387
386
385
384
384
384
383
382
382
382
380
379
378
378
376
375
375
374
373
373
372
372
371
370
370
369
369
369
368
368
367
365
364
363
362
361
361
360
359
358
358
357
357
356
355
353
351
351
350
349
348
347
347
345
345
345
343
343
342
341
340
340
338
338
337
337
336
333
332
332
331
330
329
327
326
326
326
324
324
323
323
322
321
319
318
318
318
317
317
316
315
314
313
313
312
312
310
310
309
308
307
304
304
304
303
303
301
300
300
299
299
299
297
297
296
295
295
293
293
292
292
292
292
291
290
290
290
288
288
287
287
283
283
283
282
281
280
278
277
277
277
276
275
273
271
271
271
270
270
269
269
268
267
266
265
265
264
264
263
262
262
261
258
258
257
257
256
256
255
254
253
252
252
250
250
249
248
248
247
246
245
244
244
242
242
240
239
238
236
236
235
234
234
234
233
231
230
230
229
229
228
228
225
222
222
221
220
219
219
219
217
215
215
215
213
211
210
210
210
209
209
208
208
208
205
204
203
203
203
203
202
202
201
201
201
201
201
200
199
199
198
198
197
197
196
195
195
195
195
194
194
191
191
189
189
189
189
188
187
187
186
185
185
180
180
180
180
180
179
179
179
179
179
178
178
178
175
174
174
173
172
172
172
168
168
168
168
168
167
165
165
165
165
164
163
163
163
161
160
160
158
158
157
157
156
156
155
155
155
152
152
151
151
150
149
147
147
147
147
145
144
144
143
142
142
142
141
141
140
140
139
139
138
138
138
136
132
129
129
128
126
124
124
123
123
123
123
123
122
122
122
121
121
121
121
120
119
118
118
118
118
117
116
113
113
111
111
111
110
110
109
106
105
101
100
100
100
99
97
96
95
94
94
92
92
91
91
91
91
88
88
88
86
85
84
83
82
82
81
81
80
79
79
78
76
76
75
75
74
74
74
74
73
72
71
71
71
71
70
70
69
69
67
66
66
66
65
64
63
62
62
61
58
58
58
57
56
55
55
54
54
49
49
49
47
46
46
45
44
44
41
40
40
40
39
38
38
38
38
35
35
32
32
32
32
31
31
29
25
24
23
23
22
22
22
21
20
20
19
18
17
15
15
15
15
14
14
13
12
11
11
10
10
10
8
8
8
5
5
3
3
3
3
2
1
