1
6
10
13
14
14
15
18
18
19
19
19
27
29
37
38
43
48
48
68
69
81
86
93
111
111
116
120
120
122
127
129
130
135
145
148
148
149
152
152
163
164
177
197
202
202
210
210
211
217
223
224
232
237
239
240
243
261
265
270
272
276
276
286
296
298
298
316
316
319
332
332
335
338
341
341
349
352
368
405
407
435
449
462
466
471
473
478
482
486
487
488
492
496
499
501
508
509
509
515
520
524
532
532
538
548
571
572
573
578
582
585
592
598
599
603
609
616
621
623
630
631
635
641
646
660
661
677
677
679
694
696
699
702
704
704
712
718
719
737
741
747
750
754
758
760
761
765
767
771
783
787
793
795
801
808
812
815
817
818
819
821
825
831
833
851
855
871
881
885
889
889
898
900
901
903
904
904
904
911
922
930
931
936
944
950
950
951
953
964
968
976
982
993
995
1002
1005
1009
1013
1013
1015
1019
1019
1022
1026
1029
1033
1043
1045
1054
1077
1087
1087
1089
1090
1100
1103
1104
1105
1107
1119
1134
1140
1142
1146
1148
1173
1176
1181
1183
1186
1187
1188
1197
1199
1200
1201
1210
1216
1221
1227
1230
1231
1233
1239
1245
1245
1247
1254
1258
1259
1263
1267
1274
1274
1276
1278
1279
1285
1286
1288
1298
1299
1310
1314
1323
1326
1340
1342
1369
1373
1375
1385
1386
1389
1402
1402
1415
1418
1421
1435
1435
1441
1443
1443
1450
1463
1481
1481
1483
1487
1490
1493
1500
1502
1503
1503
1505
1508
1515
1516
1517
1527
1529
1531
1532
1535
1538
1540
1551
1552
1553
1554
1561
1563
1576
1580
1580
1581
1590
1596
1597
1604
1616
1616
1618
1621
1627
1627
1635
1635
1636
1643
1643
1648
1664
1670
1680
1685
1685
1698
1701
1712
1715
1718
1721
1748
1750
1755
1759
1764
1764
1765
1771
1774
1775
1778
1778
1784
1794
1797
1797
1800
1802
1803
1805
1810
1810
1811
1815
1827
1837
1842
1842
1844
1848
1855
1860
1862
1865
1868
1871
1872
1878
1879
1882
1889
1892
1896
1904
1907
1912
1918
1925
1938
1943
1949
1952
1956
1956
1965
1965
1975
1978
1985
1994
2006
2009
2011
2014
2015
2015
2024
2032
2049
2060
2065
2079
2084
2085
2094
2101
2104
2106
2110
2111
2118
2124
2125
2130
2144
2144
2145
2147
2150
2151
2152
2152
2154
2156
2156
2161
2166
2168
2169
2177
2178
2187
2191
2199
2201
2204
2209
2217
2220
2222
2227
2231
2239
2242
2244
2244
2249
2251
2253
2266
2268
2269
2283
2285
2294
2297
2305
2306
2311
2314
2317
2321
2323
2325
2333
2333
2336
2336
2341
2341
2349
2354
2355
2361
2363
2371
2382
2389
2395
2397
2398
2401
2404
2409
2411
2412
2417
2420
2422
2424
2429
2430
2431
2437
2439
2443
2444
2447
2449
2453
2463
2468
2475
2477
2497
2501
2504
2506
2508
2512
2515
2516
2528
2529
2529
2532
2561
2572
2574
2577
2581
2588
2589
2597
2617
2618
2618
2619
2626
2631
2632
2634
2635
2640
2642
2642
2644
2647
2650
2654
2666
2667
2674
2674
2676
2683
2688
2689
2696
2698
2703
2704
2712
2714
2716
2717
2728
2753
2756
2765
2767
2767
2769
2769
2773
2773
2777
2781
2789
2790
2790
2792
2801
2814
2815
2821
2824
2832
2832
2841
2854
2855
2867
2867
2869
2871
2874
2879
2884
2891
2891
2898
2902
2904
2909
2915
2921
2927
2929
2931
2937
2939
2942
2944
2946
2948
2956
2957
2960
2962
2965
2976
2976
2976
2980
2981
2983
2986
2994
2994
2998
3003
3009
3020
3031
3036
3044
3045
3047
3055
3055
3062
3074
3081
3084
3088
3094
3105
3110
3111
3115
3120
3124
3127
3136
3143
3146
3154
3158
3169
3170
3178
3189
3194
3195
3198
3208
3208
3209
3237
3254
3256
3257
3257
3260
3262
3266
3284
3287
3293
3302
3303
3304
3309
3310
3311
3317
3327
3339
3341
3341
3341
3346
3346
3354
3355
3364
3397
3406
3407
3408
3415
3415
3421
3446
3454
3458
3463
3481
3482
3500
3513
3513
3515
3516
3519
3524
3526
3527
3542
3551
3564
3567
3570
3578
3583
3585
3586
3595
3597
3599
3607
3608
3611
3615
3616
3619
3627
3629
3630
3633
3634
3642
3646
3648
3651
3655
3657
3658
3660
3665
3667
3683
3683
3683
3684
3685
3702
3707
3716
3717
3717
3732
3735
3739
3752
3759
3766
3767
3771
3777
3784
3787
3788
3790
3795
3801
3802
3802
3806
3808
3814
3816
3818
3819
3826
3828
3829
3830
3839
3844
3854
3862
3874
3876
3880
3889
3891
3906
3912
3920
3926
3932
3939
3946
3946
3947
3956
3956
3977
3980
3981
3982
3992
3995
4004
4008
4014
4020
4023
4037
4039
4039
4040
4048
4053
4054
4056
4061
4063
4068
4078
4094
4100
4101
4103
4109
4135
4140
4143
4146
4148
4156
4165
4181
4184
4185
4195
4197
4197
4199
4204
4209
4213
4213
4217
4220
4221
4228
4228
4240
4242
4248
4250
4255
4280
4287
4288
4290
4300
4303
4304
4327
4329
4332
4333
4341
4344
4360
4373
4382
4383
4386
4393
4401
4403
4405
4421
4423
4424
4424
4447
4448
4451
4456
4464
4466
4472
4472
4479
4502
4513
4520
4526
4528
4530
4537
4537
4550
4552
4552
4555
4558
4558
4561
4575
4583
4587
4588
4605
4608
4614
4615
4621
4635
4636
4639
4656
4661
4662
4670
4672
4682
4689
4704
4705
4715
4721
4731
4731
4742
4743
4748
4752
4755
4755
4771
4776
4783
4786
4793
4797
4801
4803
4808
4809
4810
4812
4817
4822
4825
4828
4828
4828
4832
4835
4835
4837
4840
4848
4849
4849
4850
4851
4851
4851
4853
4868
4897
4911
4912
4925
4925
4932
4936
4943
4952
4955
4960
4967
4968
4973
4983
4986
