3717 
4209 
232 
760 
831 
2904 
4217 
1580 
1181 
2429 
3716 
1299 
473 
1490 
492 
995 
2767 
1837 
2696 
2515 
1553 
3527 
3500 
4743 
3619 
48 
1815 
1505 
3407 
609 
2420 
2714 
4986 
152 
3266 
1013 
758 
4303 
4332 
3341 
3854 
2574 
3657 
2994 
3341 
341 
548 
2161 
3735 
1402 
341 
2704 
1701 
2617 
1871 
286 
3766 
719 
3816 
1104 
2361 
2382 
4828 
821 
572 
4228 
210 
116 
3608 
2244 
3629 
2336 
2898 
3819 
4221 
19 
2363 
3124 
332 
2424 
1865 
1965 
3209 
3551 
4973 
4424 
4472 
1797 
603 
1443 
224 
1698 
2909 
352 
19 
81 
1648 
2110 
3634 
1627 
261 
4558 
2151 
1516 
2201 
86 
3992 
4181 
1134 
4849 
1435 
1912 
3759 
2389 
4828 
4039 
3208 
2204 
4537 
2654 
3980 
4868 
2815 
3284 
4605 
3256 
2242 
2118 
240 
4156 
793 
3260 
750 
2156 
1855 
4682 
1500 
1142 
4635 
904 
163 
2443 
761 
2674 
2401 
1227 
111 
2841 
4094 
598 
2217 
4848 
4056 
1187 
4213 
1712 
616 
677 
4360 
1636 
4755 
3808 
4255 
1342 
953 
641 
1087 
4248 
2449 
1443 
1965 
4228 
3044 
3683 
3830 
4837 
1621 
2341 
4817 
3939 
2239 
93 
4048 
1755 
679 
3047 
2891 
4213 
3262 
3583 
2317 
1956 
2753 
3658 
741 
817 
904 
922 
4037 
4552 
4786 
3526 
2647 
1810 
3055 
2728 
851 
449 
4405 
1517 
1090 
471 
332 
2561 
1879 
3136 
1778 
3408 
4240 
1635 
712 
2094 
4513 
3317 
2106 
2144 
585 
2477 
1483 
833 
3516 
3009 
2398 
4078 
3031 
2688 
1022 
2354 
4575 
4639 
120 
3154 
2994 
1956 
2980 
1258 
2244 
4061 
1664 
4383 
2268 
1210 
2516 
1643 
4661 
4039 
3143 
1860 
509 
1803 
488 
4053 
1481 
1188 
2790 
2867 
4783 
4520 
4689 
1721 
210 
1685 
3446 
2501 
2674 
1531 
2871 
825 
2529 
4828 
1033 
4466 
4063 
1019 
1844 
2349 
2855 
3826 
1503 
1245 
3616 
122 
3801 
646 
1278 
1503 
4849 
1581 
950 
1882 
950 
1373 
1045 
2253 
4288 
3956 
889 
3178 
4614 
1748 
1502 
509 
4197 
771 
1402 
3829 
1015 
2412 
3346 
1535 
1978 
2891 
1627 
1842 
3685 
2060 
4329 
2756 
3311 
3293 
3732 
1892 
2015 
2703 
3982 
2854 
2325 
2769 
319 
571 
3127 
901 
3777 
3630 
4621 
1794 
4140 
4952 
3198 
1952 
3995 
1868 
2976 
239 
4341 
3828 
3788 
592 
3981 
130 
4832 
1386 
3946 
1896 
2011 
1254 
2311 
1385 
1925 
3876 
3956 
4925 
3020 
1540 
3660 
4801 
1616 
4109 
1285 
2156 
2944 
1938 
3515 
3684 
4290 
3648 
4014 
487 
4143 
2689 
4423 
2962 
4148 
3932 
3254 
1245 
3683 
1186 
1239 
2125 
3304 
4755 
2249 
4912 
4748 
3303 
2998 
1013 
3110 
1750 
462 
754 
3421 
4185 
4771 
1148 
4327 
3790 
982 
3683 
3397 
3415 
1233 
898 
148 
4851 
2475 
2283 
621 
276 
3519 
737 
3062 
4808 
3189 
2285 
152 
1680 
3327 
2874 
1183 
3524 
677 
3513 
1949 
197 
4242 
885 
2879 
3257 
4197 
2824 
3814 
1450 
1369 
508 
335 
4448 
3806 
2667 
3339 
2683 
1590 
968 
4184 
2049 
4456 
2411 
1918 
3542 
2032 
145 
1532 
3463 
4020 
3513 
4464 
4558 
4793 
368 
3354 
3257 
1764 
2006 
1274 
2395 
2642 
1975 
3597 
3874 
296 
900 
964 
3415 
3739 
1247 
501 
881 
1810 
4810 
4656 
2145 
111 
1200 
699 
911 
2266 
2986 
4983 
3237 
2902 
148 
2777 
3615 
2634 
3406 
3578 
4393 
2009 
4100 
2439 
1201 
4146 
2942 
2937 
2168 
2409 
3088 
2765 
2085 
164 
2618 
1054 
2130 
486 
2497 
2150 
1597 
272 
2781 
2209 
3585 
1435 
2698 
2323 
538 
4911 
1119 
1604 
276 
48 
2065 
211 
2581 
635 
2297 
3920 
1718 
349 
4386 
4809 
1759 
3045 
2588 
718 
1216 
1389 
2948 
2965 
2632 
4812 
129 
694 
3802 
4103 
1872 
1784 
1618 
316 
2321 
2618 
1493 
3717 
4672 
4955 
1087 
4731 
4925 
3891 
3458 
2769 
4421 
1848 
3454 
2597 
623 
3570 
1811 
202 
1775 
3302 
2512 
2976 
3646 
3607 
4008 
1538 
4608 
1800 
2528 
1415 
3341 
3036 
338 
3595 
2104 
2790 
2869 
1715 
1563 
1441 
2931 
2956 
1089 
482 
3802 
2884 
2939 
1985 
4403 
1231 
4588 
243 
582 
3771 
29 
499 
2404 
2453 
2529 
4932 
3627 
466 
1889 
120 
1029 
1103 
930 
1221 
1002 
1554 
3170 
4851 
1529 
2814 
903 
1463 
819 
515 
976 
3651 
3633 
1323 
1146 
2251 
3105 
4822 
660 
2306 
1340 
1943 
4803 
4587 
3355 
2269 
1527 
4752 
3094 
2355 
3564 
4135 
1635 
4528 
1019 
4943 
4797 
631 
2294 
855 
3906 
4552 
951 
2640 
2220 
2014 
4825 
871 
4424 
135 
2773 
812 
4555 
2024 
3055 
2789 
4304 
1310 
2199 
4731 
747 
1005 
1576 
1267 
2305 
69 
532 
2231 
4662 
1616 
1774 
1643 
3310 
4373 
3767 
2177 
2572 
2921 
4850 
1797 
270 
2336 
4447 
4721 
3862 
2792 
4220 
2946 
2147 
2927 
2463 
3169 
1286 
936 
149 
1508 
237 
4530 
2983 
3074 
3364 
1288 
4472 
3194 
1199 
1274 
1176 
4101 
177 
578 
1827 
2111 
520 
4897 
2915 
818 
767 
2960 
2154 
2619 
10 
3839 
2801 
2867 
3926 
801 
316 
127 
2430 
1805 
3795 
217 
599 
1551 
202 
2957 
2821 
2397 
1314 
1100 
1907 
2371 
3287 
2508 
904 
3208 
4023 
38 
2084 
3158 
1561 
2447 
3567 
4382 
4004 
4704 
3195 
3946 
27 
478 
573 
2712 
4776 
18 
1375 
1230 
1326 
298 
2577 
4040 
3702 
14 
3787 
4300 
4835 
1764 
765 
1279 
2773 
4165 
1552 
2101 
1298 
2222 
2642 
1276 
3784 
944 
3309 
4561 
3084 
2832 
4968 
4451 
815 
223 
4853 
2227 
2124 
435 
3482 
3346 
3707 
4068 
2152 
1515 
696 
3880 
3599 
1197 
13 
1904 
3752 
2650 
532 
3120 
3977 
2626 
702 
3003 
4333 
993 
4670 
1077 
4537 
68 
1487 
2191 
4344 
2832 
1026 
4967 
4936 
3844 
3081 
2333 
795 
18 
2015 
2631 
4287 
2506 
2437 
37 
2422 
4054 
3655 
2166 
1862 
4615 
2468 
3146 
2178 
2431 
3586 
2717 
4583 
1765 
3912 
3667 
704 
2716 
1778 
1878 
2187 
2676 
496 
265 
3818 
4960 
783 
1481 
787 
4526 
4199 
4502 
2144 
3642 
4835 
2767 
2504 
3115 
2644 
19 
2444 
1685 
15 
1105 
1259 
2589 
2666 
1009 
14 
704 
43 
1 
4636 
1140 
2169 
4705 
4479 
2341 
4840 
4742 
2981 
1802 
1994 
4851 
3889 
661 
2929 
4715 
1263 
2079 
1173 
889 
1043 
3481 
524 
4280 
2635 
4204 
405 
4195 
3665 
931 
2333 
4550 
298 
3611 
1771 
1107 
2417 
2314 
3947 
3111 
1596 
1421 
1670 
4250 
6 
2976 
407 
1418 
1580 
1842 
2152 
4401 
808 
630 
2532 
3362 
2633 
2963 
3402 
120 
4433 
1684 
2080 
2663 
1341 
4154 
3286 
3545 
352 
877 
4247 
899 
977 
159 
995 
2253 
1465 
4297 
591 
2669 
510 
4123 
4988 
588 
2650 
89 
2604 
856 
3788 
2761 
2616 
3760 
1478 
3174 
261 
1788 
245 
4911 
4850 
242 
693 
3184 
2196 
3802 
2387 
2872 
2514 
4795 
2848 
258 
953 
1875 
4797 
2029 
3777 
2563 
2169 
2436 
3158 
2880 
2788 
4950 
3784 
1476 
344 
3150 
307 
3523 
1411 
1644 
984 
3039 
3927 
235 
1170 
3900 
2938 
3569 
1762 
1428 
2894 
4570 
4811 
3828 
1497 
2277 
1231 
893 
278 
4093 
2992 
1940 
2170 
3426 
2864 
1011 
2424 
1822 
1498 
854 
622 
2032 
4822 
4622 
1926 
4412 
929 
1354 
590 
2105 
4051 
3089 
3952 
97 
2407 
4169 
1818 
2437 
3142 
3690 
2039 
1175 
2829 
4692 
3621 
1773 
3362 
1493 
493 
4709 
3963 
2612 
4510 
1835 
351 
1833 
2946 
2253 
2082 
1010 
2455 
2488 
4381 
1560 
4223 
3320 
2060 
3224 
585 
4228 
4455 
987 
1670 
2871 
930 
870 
4677 
1656 
3469 
130 
4247 
1483 
1980 
4549 
1091 
966 
1240 
128 
1628 
1141 
4388 
3567 
4798 
2342 
3601 
11 
1060 
2102 
1243 
3867 
4005 
754 
2033 
4199 
3698 
4759 
249 
4364 
4258 
1658 
2225 
1051 
927 
3200 
1215 
2730 
1998 
2952 
1475 
4113 
3458 
4308 
687 
566 
4194 
2908 
1174 
3530 
3198 
155 
1042 
3657 
4670 
3736 
2516 
54 
2340 
3261 
2352 
2677 
2669 
3444 
2287 
4767 
2460 
1765 
3179 
2905 
782 
4937 
4190 
3710 
311 
2443 
740 
2704 
1907 
1809 
716 
2515 
2454 
3111 
1163 
1003 
1021 
740 
2769 
2736 
2659 
4492 
1890 
1929 
1597 
596 
2694 
2102 
1622 
465 
3537 
1677 
3539 
3217 
1139 
3526 
440 
1008 
154 
2062 
50 
3053 
4459 
4288 
330 
2451 
4925 
2927 
649 
1256 
2734 
1742 
566 
2641 
3196 
4624 
810 
4780 
3870 
1336 
341 
4508 
1032 
1491 
3822 
4937 
994 
4017 
718 
2925 
3689 
4335 
1581 
1496 
3252 
2016 
876 
501 
336 
2839 
1994 
619 
3205 
719 
1664 
518 
920 
2419 
1996 
1811 
2087 
1062 
3625 
1647 
4095 
1716 
3261 
856 
4969 
4255 
4402 
4194 
1953 
3836 
1382 
3915 
4326 
2483 
3363 
4280 
2949 
1066 
2648 
550 
4662 
2467 
1862 
81 
2165 
2281 
3228 
1121 
537 
4023 
635 
2088 
2009 
2569 
2106 
1422 
3970 
2465 
1131 
2197 
4706 
3491 
180 
2397 
3529 
4393 
4608 
1113 
235 
2713 
1052 
3616 
2895 
98 
1226 
1909 
1579 
3634 
2889 
1295 
2725 
1579 
1914 
3585 
2131 
3417 
2524 
4627 
4748 
2718 
1394 
704 
4789 
3150 
2856 
3718 
3094 
2299 
577 
3017 
514 
3106 
4796 
2073 
3386 
1412 
3971 
2959 
2962 
3447 
4051 
1228 
4610 
4242 
3854 
3577 
1511 
1708 
2532 
3152 
3208 
3238 
2061 
4866 
1961 
2972 
2369 
2735 
3867 
4368 
1392 
2321 
1794 
655 
90 
721 
1926 
4522 
4625 
1041 
4267 
3374 
2866 
4504 
2465 
605 
4768 
3121 
812 
1811 
3760 
4988 
3332 
329 
1390 
683 
4598 
2805 
831 
686 
314 
2384 
252 
3272 
4628 
4615 
1758 
4048 
1227 
2227 
2404 
881 
4293 
3153 
2407 
555 
1176 
3411 
3278 
4120 
1546 
1709 
4226 
583 
3258 
4984 
1252 
3308 
4693 
578 
1738 
2965 
3818 
52 
1742 
967 
3719 
3931 
3238 
2391 
2618 
408 
2373 
2522 
456 
1672 
1592 
197 
321 
4020 
2698 
2629 
1609 
2466 
3329 
2929 
2505 
3506 
4903 
971 
85 
602 
2202 
811 
3844 
1923 
2364 
1884 
691 
625 
4892 
237 
3273 
1327 
443 
689 
2092 
4201 
727 
95 
323 
176 
1652 
555 
2514 
2066 
1318 
4707 
1978 
1887 
1984 
1594 
3302 
3573 
720 
1849 
1238 
1165 
3936 
3889 
2480 
875 
159 
2386 
4522 
4170 
4446 
3192 
1618 
4094 
3196 
3832 
4686 
1008 
1218 
3951 
2692 
4877 
359 
1676 
2891 
1432 
214 
3409 
4952 
1571 
3867 
85 
3234 
2330 
193 
3461 
174 
3936 
1095 
1095 
4077 
664 
831 
4757 
65 
3854 
2605 
3072 
3835 
1491 
2254 
2491 
3655 
1116 
702 
1516 
1150 
363 
2001 
4334 
2027 
2525 
675 
2609 
3448 
1354 
720 
3464 
3478 
3753 
4445 
3930 
496 
2225 
1892 
427 
3153 
137 
4572 
1400 
4577 
753 
3071 
4462 
3300 
2382 
4514 
2219 
1274 
2754 
2833 
371 
136 
3514 
2721 
1196 
3574 
22 
1483 
379 
4015 
4580 
2264 
2613 
3725 
1118 
1847 
4927 
4682 
447 
4936 
479 
4568 
1002 
2829 
4536 
3137 
3891 
4276 
1466 
3632 
4060 
2351 
1671 
4038 
234 
3499 
3471 
4998 
4269 
2604 
4301 
3722 
363 
760 
2480 
91 
3758 
223 
1067 
4301 
905 
4850 
1125 
2848 
4135 
1537 
1001 
1600 
12 
2155 
15 
2742 
3890 
3273 
1466 
4342 
4229 
123 
673 
2183 
1415 
2282 
4478 
917 
357 
2525 
3017 
4538 
4641 
1237 
805 
1345 
1246 
4616 
2770 
4841 
127 
3889 
3530 
2433 
3192 
3398 
549 
1742 
4930 
241 
4909 
806 
3964 
3320 
425 
977 
1861 
2870 
1006 
3610 
739 
999 
1794 
3394 
2415 
2183 
4720 
998 
3126 
3156 
1231 
1820 
3106 
4895 
410 
1298 
31 
176 
3825 
2383 
4022 
4279 
766 
4040 
3750 
2971 
3970 
1380 
2926 
2566 
366 
2352 
1300 
1007 
3298 
1604 
2112 
4511 
2001 
2060 
4050 
773 
3706 
4208 
3048 
947 
4081 
4709 
1281 
2734 
1988 
2801 
1621 
4489 
4191 
3267 
4283 
2035 
3929 
1473 
2778 
1492 
420 
4615 
447 
1524 
97 
2727 
2381 
3285 
994 
1948 
2904 
1387 
477 
3814 
4082 
355 
2832 
1097 
775 
474 
4103 
4749 
1800 
4129 
3416 
2399 
4875 
392 
4312 
3487 
969 
615 
2651 
1488 
2975 
2374 
3911 
4475 
485 
2183 
3121 
2229 
1658 
303 
3744 
524 
1183 
2281 
3565 
4206 
3727 
1411 
4545 
1362 
550 
70 
1359 
125 
1223 
1538 
2742 
1038 
3435 
2288 
2152 
442 
4521 
1998 
2845 
409 
73 
4039 
1729 
3087 
4736 
1440 
4321 
1148 
711 
1732 
2338 
4700 
4507 
2177 
1843 
4928 
4175 
568 
1254 
3123 
2637 
2049 
2691 
3590 
1961 
1941 
3172 
4797 
2647 
219 
3618 
3240 
3407 
2532 
3775 
3322 
1872 
2334 
1642 
3341 
410 
636 
3822 
4092 
3331 
3556 
907 
3047 
3131 
2496 
3252 
83 
2583 
3190 
2319 
1992 
250 
2464 
808 
2025 
2991 
3781 
1566 
1528 
1905 
2726 
4301 
3119 
4188 
2441 
3754 
3911 
2177 
1770 
1306 
3045 
1797 
2181 
267 
240 
2026 
1877 
1121 
4917 
4837 
2072 
99 
1243 
86 
2056 
4307 
447 
3116 
1972 
642 
217 
62 
3301 
801 
4045 
1955 
3762 
2857 
2747 
451 
1524 
1693 
839