3717 
4209 
232 
760 
831 
2904 
4217 
1580 
1181 
2429 
3716 
1299 
473 
1490 
492 
995 
2767 
1837 
2696 
2515 
1553 
3527 
3500 
4743 
3619 
48 
1815 
1505 
3407 
609 
2420 
2714 
4986 
152 
3266 
1013 
758 
4303 
4332 
3341 
3854 
2574 
3657 
2994 
3341 
341 
548 
2161 
3735 
1402 
341 
2704 
1701 
2617 
1871 
286 
3766 
719 
3816 
1104 
2361 
2382 
4828 
821 
572 
4228 
210 
116 
3608 
2244 
3629 
2336 
2898 
3819 
4221 
19 
2363 
3124 
332 
2424 
1865 
1965 
3209 
3551 
4973 
4424 
4472 
1797 
603 
1443 
224 
1698 
2909 
352 
19 
81 
1648 
2110 
3634 
1627 
261 
4558 
2151 
1516 
2201 
86 
3992 
4181 
1134 
4849 
1435 
1912 
3759 
2389 
4828 
4039 
3208 
2204 
4537 
2654 
3980 
4868 
2815 
3284 
4605 
3256 
2242 
2118 
240 
4156 
793 
3260 
750 
2156 
1855 
4682 
1500 
1142 
4635 
904 
163 
2443 
761 
2674 
2401 
1227 
111 
2841 
4094 
598 
2217 
4848 
4056 
1187 
4213 
1712 
616 
677 
4360 
1636 
4755 
3808 
4255 
1342 
953 
641 
1087 
4248 
2449 
1443 
1965 
4228 
3044 
3683 
3830 
4837 
1621 
2341 
4817 
3939 
2239 
93 
4048 
1755 
679 
3047 
2891 
4213 
3262 
3583 
2317 
1956 
2753 
3658 
741 
817 
904 
922 
4037 
4552 
4786 
3526 
2647 
1810 
3055 
2728 
851 
449 
4405 
1517 
1090 
471 
332 
2561 
1879 
3136 
1778 
3408 
4240 
1635 
712 
2094 
4513 
3317 
2106 
2144 
585 
2477 
1483 
833 
3516 
3009 
2398 
4078 
3031 
2688 
1022 
2354 
4575 
4639 
120 
3154 
2994 
1956 
2980 
1258 
2244 
4061 
1664 
4383 
2268 
1210 
2516 
1643 
4661 
4039 
3143 
1860 
509 
1803 
488 
4053 
1481 
1188 
2790 
2867 
4783 
4520 
4689 
1721 
210 
1685 
3446 
2501 
2674 
1531 
2871 
825 
2529 
4828 
1033 
4466 
4063 
1019 
1844 
2349 
2855 
3826 
1503 
1245 
3616 
122 
3801 
646 
1278 
1503 
4849 
1581 
950 
1882 
950 
1373 
1045 
2253 
4288 
3956 
889 
3178 
4614 
1748 
1502 
509 
4197 
771 
1402 
3829 
1015 
2412 
3346 
1535 
1978 
2891 
1627 
1842 
3685 
2060 
4329 
2756 
3311 
3293 
3732 
1892 
2015 
2703 
3982 
2854 
2325 
2769 
319 
571 
3127 
901 
3777 
3630 
4621 
1794 
4140 
4952 
3198 
1952 
3995 
1868 
2976 
239 
4341 
3828 
3788 
592 
3981 
130 
4832 
1386 
3946 
1896 
2011 
1254 
2311 
1385 
1925 
3876 
3956 
4925 
3020 
1540 
3660 
4801 
1616 
4109 
1285 
2156 
2944 
1938 
3515 
3684 
4290 
3648 
4014 
487 
4143 
2689 
4423 
2962 
4148 
3932 
3254 
1245 
3683 
1186 
1239 
2125 
3304 
4755 
2249 
4912 
4748 
3303 
2998 
1013 
3110 
1750 
462 
754 
3421 
4185 
4771 
1148 
4327 
3790 
982 
3683 
3397 
3415 
1233 
898 
148 
4851 
2475 
2283 
621 
276 
3519 
737 
3062 
4808 
3189 
2285 
152 
1680 
3327 
2874 
1183 
3524 
677 
3513 
1949 
197 
4242 
885 
2879 
3257 
4197 
2824 
3814 
1450 
1369 
508 
335 
4448 
3806 
2667 
3339 
2683 
1590 
968 
4184 
2049 
4456 
2411 
1918 
3542 
2032 
145 
1532 
3463 
4020 
3513 
4464 
4558 
4793 
368 
3354 
3257 
1764 
2006 
1274 
2395 
2642 
1975 
3597 
3874 
296 
900 
964 
3415 
3739 
1247 
501 
881 
1810 
4810 
4656 
2145 
111 
1200 
699 
911 
2266 
2986 
4983 
3237 
2902 
148 
2777 
3615 
2634 
3406 
3578 
4393 
2009 
4100 
2439 
1201 
4146 
2942 
2937 
2168 
2409 
3088 
2765 
2085 
164 
2618 
1054 
2130 
486 
2497 
2150 
1597 
272 
2781 
2209 
3585 
1435 
2698 
2323 
538 
4911 
1119 
1604 
276 
48 
2065 
211 
2581 
635 
2297 
3920 
1718 
349 
4386 
4809 
1759 
3045 
2588 
718 
1216 
1389 
2948 
2965 
2632 
4812 
129 
694 
3802 
4103 
1872 
1784 
1618 
316 
2321 
2618 
1493 
3717 
4672 
4955 
1087 
4731 
4925 
3891 
3458 
2769 
4421 
1848 
3454 
2597 
623 
3570 
1811 
202 
1775 
3302 
2512 
2976 
3646 
3607 
4008 
1538 
4608 
1800 
2528 
1415 
3341 
3036 
338 
3595 
2104 
2790 
2869 
1715 
1563 
1441 
2931 
2956 
1089 
482 
3802 
2884 
2939 
1985 
4403 
1231 
4588 
243 
582 
3771 
29 
499 
2404 
2453 
2529 
4932 
3627 
466 
1889 
120 
1029 
1103 
930 
1221 
1002 
1554 
3170 
4851 
1529 
2814 
903 
1463 
819 
515 
976 
3651 
3633 
1323 
1146 
2251 
3105 
4822 
660 
2306 
1340 
1943 
4803 
4587 
3355 
2269 
1527 
4752 
3094 
2355 
3564 
4135 
1635 
4528 
1019 
4943 
4797 
631 
2294 
855 
3906 
4552 
951 
2640 
2220 
2014 
4825 
871 
4424 
135 
2773 
812 
4555 
2024 
3055 
2789 
4304 
1310 
2199 
4731 
747 
1005 
1576 
1267 
2305 
69 
532 
2231 
4662 
1616 
1774 
1643 
3310 
4373 
3767 
2177 
2572 
2921 
4850 
1797 
270 
2336 
4447 
4721 
3862 
2792 
4220 
2946 
2147 
2927 
2463 
3169 
1286 
936 
149 
1508 
237 
4530 
2983 
3074 
3364 
1288 
4472 
3194 
1199 
1274 
1176 
4101 
177 
578 
1827 
2111 
520 
4897 
2915 
818 
767 
2960 
2154 
2619 
10 
3839 
2801 
2867 
3926 
801 
316 
127 
2430 
1805 
3795 
217 
599 
1551 
202 
2957 
2821 
2397 
1314 
1100 
1907 
2371 
3287 
2508 
904 
3208 
4023 
38 
2084 
3158 
1561 
2447 
3567 
4382 
4004 
4704 
3195 
3946 
27 
478 
573 
2712 
4776 
18 
1375 
1230 
1326 
298 
2577 
4040 
3702 
14 
3787 
4300 
4835 
1764 
765 
1279 
2773 
4165 
1552 
2101 
1298 
2222 
2642 
1276 
3784 
944 
3309 
4561 
3084 
2832 
4968 
4451 
815 
223 
4853 
2227 
2124 
435 
3482 
3346 
3707 
4068 
2152 
1515 
696 
3880 
3599 
1197 
13 
1904 
3752 
2650 
532 
3120 
3977 
2626 
702 
3003 
4333 
993 
4670 
1077 
4537 
68 
1487 
2191 
4344 
2832 
1026 
4967 
4936 
3844 
3081 
2333 
795 
18 
2015 
2631 
4287 
2506 
2437 
37 
2422 
4054 
3655 
2166 
1862 
4615 
2468 
3146 
2178 
2431 
3586 
2717 
4583 
1765 
3912 
3667 
704 
2716 
1778 
1878 
2187 
2676 
496 
265 
3818 
4960 
783 
1481 
787 
4526 
4199 
4502 
2144 
3642 
4835 
2767 
2504 
3115 
2644 
19 
2444 
1685 
15 
1105 
1259 
2589 
2666 
1009 
14 
704 
43 
1 
4636 
1140 
2169 
4705 
4479 
2341 
4840 
4742 
2981 
1802 
1994 
4851 
3889 
661 
2929 
4715 
1263 
2079 
1173 
889 
1043 
3481 
524 
4280 
2635 
4204 
405 
4195 
3665 
931 
2333 
4550 
298 
3611 
1771 
1107 
2417 
2314 
3947 
3111 
1596 
1421 
1670 
4250 
6 
2976 
407 
1418 
1580 
1842 
2152 
4401 
808 
630 
2532 
3362 
2633 
2963 
3402 
120 
4433 
1684 
2080 
2663 
1341 
4154 
3286 
3545 
352 
877 
4247 
899 
977 
159 
995 
2253 
1465 
4297 
591 
2669 
510 
4123 
4988 
588 
2650 
89 
2604 
856 
3788 
2761 
2616 
3760 
1478 
3174 
261 
1788 
245 
4911 
4850 
242 
693 
3184 
2196 
3802 
2387 
2872 
2514 
4795 
2848 
258 
953 
1875 
4797 
2029 
3777 
2563 
2169 
2436 
3158 
2880 
2788 
4950 
3784 
1476 
344 
3150 
307 
3523 
1411 
1644 
984 
3039 
3927 
235 
1170 
3900 
2938 
3569 
1762 
1428 
2894 
4570 
4811 
3828 
1497 
2277 
1231 
893 
278 
4093 
2992 
1940 
2170 
3426 
2864 
1011 
2424 
1822 
1498 
854 
622 
2032 
4822 
4622 
1926 
4412 
929 
1354 
590 
2105 
4051 
3089 
3952 
97 
2407 
4169 
1818 
2437 
3142 
3690 
2039 
1175 
2829 
4692 
3621 
1773 
3362 
1493 
493 
4709 
3963 
2612 
4510 
1835 
351 
1833 
2946 
2253 
2082 
1010 
2455 
2488 
4381 
1560 
4223 
3320 
2060 
3224 
585 
4228 
4455 
987 
1670 
2871 
930 
870 
4677 
1656 
3469 
130 
4247 
1483 
1980 
4549 
1091 
966 
1240 
128 
1628 
1141 
4388 
3567 
4798 
2342 
3601 
11 
1060 
2102 
1243 
3867 
4005 
754 
2033 
4199 
3698 
4759 
249 
4364 
4258 
1658 
2225 
1051 
927 
3200 
1215 
2730 
1998 
2952 
1475 
4113 
3458 
4308 
687 
566 
4194 
2908 
1174 
3530 
3198 
155 
1042 
3657 
4670 
3736 
2516 
54 
2340 
3261 
2352 
2677 
2669 
3444 
2287 
4767 
2460 
1765 
3179 
2905 
782 
4937 
4190 
3710 
311 
2443 
740 
2704 
1907 
1809 
716 
2515 
2454 
3111 
1163 
1003 
1021 
740 
2769 
2736 
2659 
4492 
1890 
1929 
1597 
596 
2694 
2102 
1622 
465 
3537 
1677 
3539 
3217 
1139 
3526 
440 
1008 
154 
2062 
50 
3053 
4459 
4288 
330 
2451 
4925 
2927 
649 
1256 
2734 
1742 
566 
2641 
3196 
4624 
810 
4780 
3870 
1336 
341 
4508 
1032 
1491 
3822 
4937 
994 
4017 
718 
2925 
3689 
4335 
1581 
1496 
3252 
2016 
876 
501 
336 
2839 
1994 
619 
3205 
719 
1664 
518 
920 
2419 
1996 
1811 
2087 
1062 
3625 
1647 
4095 
1716 
3261 
856 
4969 
4255 
4402 
4194 
1953 
3836 
1382 
3915 
4326 
2483 
3363 
4280 
2949 
1066 
2648 
550 
4662 
2467 
1862 
81 
2165 
2281 
3228 
1121 
537 
4023 
635 
2088 
2009 
2569 
2106 
1422 
3970 
2465 
1131 
2197 
4706 
3491 
180 
2397 
3529 
4393 
4608 
1113 
235 
2713 
1052 
3616 
2895 
98 
1226 
1909 
1579 
3634 
2889 
1295 
2725 
1579 
1914 
3585 
2131 
3417 
2524 
4627 
4748 
2718 
1394 
704 
4789 
3150 
2856 
3718 
3094 
2299 
577 
3017 
514 
3106 
4796 
2073 
3386 
1412 
3971 
2959 
2962 
3447 
4051 
1228 
4610 
4242 
3854 
3577 
1511 
1708 
2532 
3152 
3208 
3238 
2061 
4866 
1961 
2972 
2369 
2735 
3867 
4368 
1392 
2321 
1794 
655 
90 
721 
1926 
4522 
4625 
1041 
4267 
3374 
2866 
4504 
2465 
605 
4768 
3121 
812 
1811 
3760 
4988 
3332 
329 
1390 
683 
4598 
2805 
831 
686 
314 
2384 
252 
3272 
4628 
4615 
1758 
4048 
1227 
2227 
2404 
881 
4293 
3153 
2407 
555 
1176 
3411 
3278 
4120 
1546 
1709 
4226 
583 
3258 
4984 
1252 
3308 
4693 
578 
1738 
2965 
3818 
52 
1742 
967 
3719 
3931 
3238 
2391 
2618 
408 
2373 
2522 
456 
1672 
1592 
197 
321 
4020 
2698 
2629 
1609 
2466 
3329 
2929 
2505 
3506 
4903 
971 
85 
602 
2202 
811 
3844 
1923 
2364 
1884 
691 
625 
4892 
237 
3273 
1327 
443 
689 
2092 
4201 
727 
95 
323 
176 
1652 
555 
2514 
2066 
1318 
4707 
1978 
1887 
1984 
1594 
3302 
3573 
720 
1849 
1238 
1165 
3936 
3889 
2480 
875 
159 
2386 
4522 
4170 
4446 
3192 
1618 
4094 
3196 
3832 
4686 
1008 
1218 
3951 
2692 
4877 
359 
1676 
2891 
1432 
214 
3409 
4952 
1571 
3867 
85 
3234 
2330 
193 
3461 
174 
3936 
1095 
1095 
4077 
664 
831 
4757 
65 
3854 
2605 
3072 
3835 
1491 
2254 
2491 
3655 
1116 
702 
1516 
1150 
363 
2001 
4334 
2027 
2525 
675 
2609 
3448 
1354 
720 
3464 
3478 
3753 
4445 
3930 
496 
2225 
1892 
427 
3153 
137 
4572 
1400 
4577 
753 
3071 
4462 
3300 
2382 
4514 
2219 
1274 
2754 
2833 
371 
136 
3514 
2721 
1196 
3574 
22 
1483 
379 
4015 
4580 
2264 
2613 
3725 
1118 
1847 
4927 
4682 
447 
4936 
479 
4568 
1002 
2829 
4536 
3137 
3891 
4276 
1466 
3632 
4060 
2351 
1671 
4038 
234 
3499 
3471 
4998 
4269 
2604 
4301 
3722 
363 
760 
2480 
91 
3758 
223 
1067 
4301 
905 
4850 
1125 
2848 
4135 
1537 
1001 
1600 
12 
2155 
15 
2742 
3890 
3273 
1466 
4342 
4229 
123 
673 
2183 
1415 
2282 
4478 
917 
357 
2525 
3017 
4538 
4641 
1237 
805 
1345 
1246 
4616 
2770 
4841 
127 
3889 
3530 
2433 
3192 
3398 
549 
1742 
4930 
241 
4909 
806 
3964 
3320 
425 
977 
1861 
2870 
1006 
3610 
739 
999 
1794 
3394 
2415 
2183 
4720 
998 
3126 
3156 
1231 
1820 
3106 
4895 
410 
1298 
31 
176 
3825 
2383 
4022 
4279 
766 
4040 
3750 
2971 
3970 
1380 
2926 
2566 
366 
2352 
1300 
1007 
3298 
1604 
2112 
4511 
2001 
2060 
4050 
773 
3706 
4208 
3048 
947 
4081 
4709 
1281 
2734 
1988 
2801 
1621 
4489 
4191 
3267 
4283 
2035 
3929 
1473 
2778 
1492 
420 
4615 
447 
1524 
97 
2727 
2381 
3285 
994 
1948 
2904 
1387 
477 
3814 
4082 
355 
2832 
1097 
775 
474 
4103 
4749 
1800 
4129 
3416 
2399 
4875 
392 
4312 
3487 
969 
615 
2651 
1488 
2975 
2374 
3911 
4475 
485 
2183 
3121 
2229 
1658 
303 
3744 
524 
1183 
2281 
3565 
4206 
3727 
1411 
4545 
1362 
550 
70 
1359 
125 
1223 
1538 
2742 
1038 
3435 
2288 
2152 
442 
4521 
1998 
2845 
409 
73 
4039 
1729 
3087 
4736 
1440 
4321 
1148 
711 
1732 
2338 
4700 
4507 
2177 
1843 
4928 
4175 
568 
1254 
3123 
2637 
2049 
2691 
3590 
1961 
1941 
3172 
4797 
2647 
219 
3618 
3240 
3407 
2532 
3775 
3322 
1872 
2334 
1642 
3341 
410 
636 
3822 
4092 
3331 
3556 
907 
3047 
3131 
2496 
3252 
83 
2583 
3190 
2319 
1992 
250 
2464 
808 
2025 
2991 
3781 
1566 
1528 
1905 
2726 
4301 
3119 
4188 
2441 
3754 
3911 
2177 
1770 
1306 
3045 
1797 
2181 
267 
240 
2026 
1877 
1121 
4917 
4837 
2072 
99 
1243 
86 
2056 
4307 
447 
3116 
1972 
642 
217 
62 
3301 
801 
4045 
1955 
3762 
2857 
2747 
451 
1524 
1693 
839 
2355 
1067 
4834 
1874 
3549 
47 
14 
1847 
629 
1655 
3654 
2191 
2406 
302 
998 
3070 
3659 
3769 
1181 
635 
1526 
2090 
3318 
748 
1293 
3520 
2000 
1656 
2128 
3212 
1575 
2603 
4908 
4614 
369 
3005 
4539 
798 
3161 
1483 
4273 
1820 
1992 
4300 
1760 
3704 
2895 
2678 
2182 
1762 
439 
495 
4098 
2772 
1577 
332 
4706 
3715 
614 
1062 
4952 
458 
2320 
2615 
1368 
3070 
4550 
3465 
452 
3235 
716 
1352 
3696 
3293 
4969 
1187 
1318 
4080 
2328 
4511 
4324 
1625 
984 
588 
889 
2643 
620 
4678 
3851 
1571 
2283 
2237 
2516 
1572 
2752 
1541 
1640 
3604 
371 
543 
3128 
613 
1447 
1526 
979 
956 
4362 
2315 
632 
165 
3544 
4658 
2645 
950 
1768 
3626 
1931 
919 
173 
889 
695 
4089 
3671 
605 
2562 
716 
2544 
892 
3170 
1463 
3279 
2374 
3024 
4804 
2736 
4534 
1816 
2769 
2258 
1300 
3404 
1544 
4407 
589 
2785 
943 
896 
3170 
3640 
2665 
815 
3613 
1894 
724 
594 
207 
4221 
2897 
2215 
1333 
4792 
1047 
1267 
2942 
1979 
4064 
585 
982 
2753 
3610 
433 
375 
3652 
1951 
3630 
2859 
4537 
1430 
87 
1930 
513 
3792 
4503 
1650 
4953 
4012 
2485 
3698 
234 
43 
1437 
4375 
26 
3140 
4245 
919 
2681 
3033 
145 
632 
2253 
4209 
1511 
2618 
2311 
3204 
4076 
1705 
1308 
1386 
2445 
1236 
1196 
4900 
1279 
721 
990 
641 
159 
2887 
4195 
2163 
4034 
681 
2166 
3839 
3511 
290 
4738 
4432 
2952 
1324 
2396 
1677 
1197 
3031 
1701 
1806 
2225 
3216 
2890 
2867 
4155 
3264 
723 
4134 
869 
1857 
2511 
380 
3049 
428 
1614 
1183 
1911 
1766 
4734 
4463 
3440 
1422 
839 
668 
855 
48 
3343 
1742 
418 
2461 
2223 
4574 
941 
4329 
459 
2082 
3319 
4340 
2742 
4860 
1084 
2474 
3403 
4915 
4201 
363 
1086 
2649 
3355 
523 
3793 
1108 
3096 
4371 
2823 
2230 
2620 
718 
2173 
1516 
2646 
3141 
3963 
3010 
4473 
1667 
3272 
1622 
4427 
2178 
1747 
224 
1649 
1908 
1171 
2321 
3585 
347 
3120 
185 
270 
1234 
95 
2326 
1856 
1737 
3914 
3220 
1169 
2021 
2350 
2264 
2738 
3149 
2323 
3932 
2380 
2167 
2504 
4927 
47 
2569 
1924 
3057 
2606 
2576 
1934 
979 
1480 
4956 
1310 
2101 
4249 
1794 
2473 
4750 
1015 
3041 
417 
2432 
4734 
2869 
2650 
2793 
2468 
2487 
1855 
3307 
4446 
4683 
715 
1821 
1897 
993 
2768 
2040 
3681 
1045 
964 
3962 
2318 
1311 
1166 
2559 
1658 
4251 
3910 
3627 
4949 
3650 
3322 
3969 
3465 
2487 
4306 
2135 
4462 
2002 
3493 
1256 
231 
3921 
777 
4048 
315 
1010 
2927 
4 
453 
1963 
4381 
191 
4684 
3987 
4050 
1566 
1323 
965 
1006 
1125 
2722 
852 
3935 
1087 
1132 
4249 
1629 
2403 
2191 
3927 
1791 
3745 
1751 
968 
251 
897 
4788 
4797 
4666 
628 
2111 
2434 
2457 
4969 
241 
2872 
4938 
3282 
2915 
1753 
1209 
260 
3711 
15 
479 
3427 
2350 
149 
2547 
3787 
3280 
4109 
2684 
2592 
4103 
528 
2544 
3575 
2884 
1449 
4400 
3979 
1465 
2107 
3545 
4449 
2573 
4774 
2956 
3251 
4723 
1742 
1655 
4897 
1979 
2892 
2027 
3708 
3655 
795 
1372 
3937 
4503 
4779 
2956 
1532 
3766 
3690 
2448 
2442 
1323 
910 
4393 
3734 
3241 
4781 
2916 
1701 
3344 
117 
850 
634 
3650 
212 
4793 
3587 
4134 
385 
1802 
4338 
2432 
945 
1569 
3581 
718 
1788 
3543 
686 
3605 
2925 
603 
3171 
3210 
1741 
3293 
2727 
3018 
1176 
4458 
2879 
3370 
2406 
2211 
974 
752 
2292 
4990 
194 
4240 
4249 
3875 
3037 
4679 
3441 
2448 
4829 
3164 
2365 
1766 
484 
2330 
4321 
4570 
3353 
2496 
1653 
597 
1869 
2217 
4556 
2908 
1054 
2084 
2600 
2552 
2895 
701 
2796 
4694 
503 
1674 
4849 
1473 
2214 
550 
810 
1940 
643 
2234 
2360 
256 
1048 
575 
2582 
4988 
4196 
2285 
4206 
487 
3992 
1952 
2874 
2152 
2379 
301 
4204 
3231 
1942 
4553 
1854 
1042 
1144 
499 
1707 
3665 
2355 
3813 
3660 
4890 
1438 
1398 
4004 
4101 
577 
4819 
1565 
4417 
524 
4298 
2112 
2461 
544 
3645 
2697 
2464 
4924 
2453 
408 
1994 
42 
1445 
978 
1481 
2903 
2323 
725 
3141 
2566 
4082 
3984 
1459 
4638 
1050 
3145 
4238 
1424 
2390 
3205 
1265 
3546 
1101 
1163 
2935 
3822 
2875 
3673 
2195 
2075 
4357 
2486 
2432 
4971 
200 
3598 
2611 
4643 
3978 
889 
2276 
1639 
127 
157 
3728 
2891 
2429 
2015 
4682 
2323 
305 
1358 
2557 
3084 
2184 
1840 
1403 
273 
1599 
138 
1618 
4671 
444 
861 
58 
3121 
490 
3460 
2416 
4917 
2073 
335 
990 
3676 
4867 
1403 
160 
4694 
3160 
4231 
4137 
2860 
891 
2960 
1700 
3116 
115 
2702 
1515 
2729 
395 
4509 
4620 
1632 
3762 
2341 
1230 
36 
2835 
1227 
4729 
2587 
670 
3581 
1659 
1935 
3766 
1098 
4532 
1622 
2250 
1488 
4387 
1770 
1164 
4636 
1254 
2930 
2148 
925 
1070 
4335 
3453 
585 
937 
2727 
1511 
4047 
926 
4877 
1908 
1179 
300 
3439 
4148 
997 
1436 
1055 
2513 
1234 
3074 
2171 
4554 
170 
4136 
3102 
3452 
1088 
1859 
4268 
3085 
606 
3180 
689 
1352 
1318 
4457 
4643 
1740 
3322 
1041 
2651 
1532 
3444 
2963 
1336 
1032 
4870 
2696 
3756 
1570 
188 
2332 
1222 
4083 
4741 
2401 
1126 
2004 
638 
1076 
1956 
2413 
1687 
646 
2705 
3817 
508 
452 
2684 
1647 
2286 
3784 
3054 
843 
71 
2934 
2599 
4004 
2801 
895 
4679 
3859 
2719 
769 
1733 
690 
3818 
653 
2660 
1915 
758 
1776 
4433 
468 
498 
4347 
982 
890 
572 
2275 
770 
4282 
2747 
3281 
1095 
3666 
3955 
4579 
554 
3822 
2076 
105 
4847 
3148 
1667 
4929 
3586 
1153 
4096 
2908 
1439 
4665 
2534 
4287 
1523 
3970 
4215 
1547 
1433 
4529 
845 
197 
4206 
1845 
129 
4510 
3701 
4135 
4376 
348 
1523 
400 
3065 
783 
596 
4051 
4025 
509 
277 
2559 
1959 
103 
2047 
886 
672 
4249 
2203 
3256 
4164 
894 
4120 
3081 
975 
338 
4143 
4614 
3473 
4366 
880 
1076 
1463 
2376 
4369 
2266 
287 
4768 
718 
338 
936 
4588 
3380 
1684 
4640 
1789 
3221 
1522 
4027 
3687 
3527 
45 
3059 
189 
3261 
2967 
2530 
2971 
1421 
2559 
434 
58 
4560 
1392 
4494 
3111 
4877 
1562 
4111 
2516 
4318 
2160 
1624 
2862 
1393 
1152 
2449 
3902 
1776 
2206 
2304 
1544 
2242 
4673 
1691 
2543 
3384 
2533 
695 
1446 
1656 
3727 
52 
3480 
4749 
3372 
4135 
4154 
1910 
4586 
1823 
3100 
1883 
3285 
4465 
4643 
1963 
4436 
924 
994 
4216 
4417 
3821 
4844 
2633 
3861 
540 
2988 
935 
969 
4269 
3805 
3457 
4782 
2752 
1842 
3376 
4455 
4665 
3487 
4019 
713 
1025 
2510 
821 
562 
1451 
2860 
2514 
1927 
2608 
3465 
2357 
3252 
3820 
1996 
909 
712 
3167 
172 
3748 
1622 
1204 
1167 
207 
2077 
2573 
4271 
984 
2929 
1213 
2712 
71 
4008 
1236 
4284 
1620 
3293 
959 
2360 
3462 
4865 
270 
1404 
2704 
2957 
620 
22 
2431 
1410 
4514 
4127 
502 
913 
2532 
3269 
2210 
4507 
2171 
3512 
1197 
698 
3058 
2045 
847 
3845 
3361 
2181 
1152 
3864 
2212 
3303 
2768 
874 
4756 
2978 
4304 
3630 
3925 
2868 
2870 
1827 
911 
2966 
1261 
4420 
3438 
1766 
1154 
656 
586 
923 
2328 
1586 
863 
3084 
2981 
1522 
1382 
2506 
2674 
507 
1354 
2769 
2543 
1195 
532 
2739 
1429 
1750 
360 
4789 
2586 
3683 
2301 
2256 
4705 
1869 
489 
1393 
4576 
4956 
1011 
4250 
3000 
4730 
1143 
1047 
2256 
4182 
1205 
713 
3057 
1140 
2610 
4223 
1283 
1219 
1213 
3856 
3127 
181 
4092 
1962 
2252 
1779 
2245 
2342 
899 
1071 
1101 
1041 
1394 
456 
1948 
4852 
4293 
1185 
4559 
301 
2536 
354 
1813 
3644 
558 
1765 
4355 
4208 
3333 
2186 
1264 
879 
903 
404 
1745 
1409 
2227 
3370 
686 
3790 
1290 
1215 
1843 
979 
1914 
4354 
3824 
473 
4831 
3391 
2625 
1062 
2373 
4948 
1878 
1755 
2047 
2533 
1349 
3420 
2187 
1720 
4300 
4746 
4340 
282 
255 
2076 
951 
3792 
1720 
4714 
3710 
647 
2897 
4561 
2824 
4700 
3444 
2474 
158 
1868 
3236 
4931 
632 
1494 
2617 
1884 
3550 
1676 
3664 
1171 
4959 
1062 
2552 
2241 
4406 
3527 
3479 
450 
3248 
1998 
291 
2913 
1303 
1326 
3065 
4290 
3890 
926 
3465 
3598 
1667 
1289 
672 
4891 
328 
2135 
2701 
4489 
1402 
2115 
1596 
926 
2377 
67 
4103 
2066 
3453 
771 
3352 
476 
327 
3322 
2191 
4267 
4670 
3292 
2530 
1822 
4570 
1614 
2928 
205 
2669 
2709 
597 
2006 
3629 
399 
1114 
3641 
1627 
2616 
2986 
1995 
1551 
3279 
3950 
3775 
4682 
727 
1498 
1944 
4778 
2254 
2901 
1041 
2490 
3505 
93 
1893 
4631 
662 
2256 
39 
4556 
3032 
1756 
2028 
3015 
1199 
3760 
2564 
3866 
29 
4825 
2308 
979 
19 
2943 
2767 
3212 
3490 
4853 
496 
43 
4130 
980 
1882 
2059 
310 
936 
1160 
762 
4421 
2721 
4461 
105 
3315 
2580 
1557 
3423 
3062 
4624 
3098 
838 
890 
3257 
1177 
2772 
4829 
3313 
1362 
11 
1076 
2273 
3691 
946 
2900 
1372 
1822 
2594 
2898 
1629 
1590 
3265 
4555 
4748 
1214 
3475 
3228 
4581 
3578 
2332 
900 
2377 
2932 
4951 
349 
4739 
4832 
2658 
4799 
3140 
2729 
4663 
3581 
695 
2170 
1461 
4438 
2638 
4509 
4157 
1845 
4587 
4839 
1062 
1881 
144 
1658 
210 
1061 
656 
4154 
1910 
473 
3235 
3905 
3925 
4408 
3182 
2051 
2749 
1704 
2424 
4186 
3137 
4717 
1742 
723 
1414 
2159 
256 
2207 
2662 
4111 
3611 
644 
1688 
3062 
3797 
3537 
1702 
1485 
83 
4037 
2405 
4462 
3102 
1473 
169 
450 
42 
1297 
3774 
2633 
4782 
3903 
2784 
117 
2351 
2760 
4244 
4703 
20 
797 
940 
2505 
1651 
659 
1831 
1682 
4747 
3212 
3495 
2789 
760 
2060 
3218 
858 
1499 
244 
1401 
2243 
3695 
4651 
612 
4360 
1909 
3664 
2340 
1260 
840 
840 
2543 
1022 
1874 
3078 
2672 
3986 
4741 
2390 
1796 
2173 
1187 
1194 
4750 
4644 
1967 
1206 
2364 
109 
3793 
139 
32 
2172 
3902 
2271 
1223 
4511 
2421 
2171 
853 
475 
219 
2836 
2520 
3685 
4912 
2699 
689 
1362 
832 
4189 
2734 
351 
2155 
3307 
3242 
3106 
3830 
843 
4243 
207 
4504 
765 
1547 
4003 
1269 
1239 
488 
1557 
782 
3978 
2596 
4776 
3807 
4074 
3997 
4947 
4080 
1386 
3670 
4361 
1493 
1326 
4949 
2881 
2542 
2831 
363 
79 
1167 
651 
1871 
1065 
4000 
2578 
2819 
122 
558 
18 
1902 
891 
3377 
4484 
2152 
1493 
3540 
196 
417 
4608 
2937 
3325 
3914 
3560 
3602 
4923 
2361 
578 
1385 
591 
2194 
1619 
4105 
2766 
4113 
3978 
4570 
4651 
4337 
4297 
4609 
152 
2040 
1519 
4669 
3777 
4953 
2641 
1043 
3225 
2137 
2157 
1427 
779 
634 
382 
4265 
3019 
3043 
643 
1877 
4866 
4589 
4631 
4156 
2405 
4520 
3322 
3813 
206 
3508 
1678 
412 
2338 
2169 
531 
506 
2257 
3887 
548 
3251 
2106 
4830 
696 
879 
2396 
1128 
3171 
897 
1198 
3146 
1122 
3059 
2016 
862 
170 
1984 
3399 
4724 
393 
4017 
3317 
821 
499 
1881 
3655 
4398 
4703 
3120 
4477 
4923 
4463 
4020 
3861 
1089 
4179 
1235 
441 
1843 
1119 
67 
2500 
742 
1449 
4818 
4249 
2405 
676 
1870 
1501 
2741 
104 
550 
4439 
3146 
911 
471 
2031 
1689 
1657 
3360 
1372 
4876 
4481 
3054 
4132 
4889 
174 
3825 
793 
2843 
2571 
1421 
3046 
4215 
207 
1730 
694 
2528 
3901 
1709 
541 
204 
981 
2933 
3181 
3741 
1682 
4558 
4546 
3921 
4867 
3457 
262 
2482 
2082 
1442 
479 
3286 
935 
3592 
1252 
2808 
1718 
4297 
2571 
1638 
1292 
916 
1862 
4857 
2286 
3013 
737 
2896 
2403 
1533 
4461 
4477 
197 
1135 
1897 
4590 
4723 
2027 
1548 
93 
130 
1655 
1308 
2489 
1800 
4097 
466 
4571 
1368 
1110 
2731 
1930 
3289 
4719 
1345 
4935 
1886 
1447 
1456 
2449 
3431 
3638 
657 
3610 
222 
3576 
627 
3040 
236 
767 
4781 
3678 
2874 
2013 
1413 
2321 
3952 
3051 
2932 
4043 
3481 
3429 
1031 
395 
3396 
259 
1887 
1922 
1837 
1289 
2914 
1880 
3443 
1848 
1689 
3013 
1911 
3875 
4200 
5000 
3491 
1059 
3665 
588 
2641 
4988 
1432 
1758 
3263 
1782 
64 
4056 
1402 
1436 
3589 
953 
1895 
4344 
2617 
3595 
3732 
2669 
3944 
587 
3733 
684 
2163 
941 
728 
408 
1928 
349 
1266 
2369 
4984 
4023 
3679 
1669 
3928 
2856 
1454 
2466 
1360 
1059 
1554 
1165 
2911 
3909 
3218 
2399 
742 
4112 
3937 
2634 
296 
3820 
1447 
1048 
4769 
4266 
2359 
2397 
4508 
4815 
1184 
544 
1906 
1335 
1084 
1758 
4538 
4592 
1091 
1431 
1004 
4578 
2281 
567 
2885 
413 
947 
3462 
3158 
4019 
4046 
1313 
3572 
3746 
113 
1927 
4114 
1244 
2806 
3220 
1250 
511 
1717 
585 
1752 
3493 
4105 
1346 
824 
4020 
3896 
1390 
722 
1599 
2775 
3443 
1013 
3540 
4516 
2423 
2609 
2476 
3195 
753 
1220 
614 
4641 
4222 
654 
3748 
1684 
2636 
2852 
3164 
1025 
570 
2689 
2848 
2836 
670 
3425 
118 
2972 
902 
4700 
1649 
3613 
4975 
1185 
2207 
4740 
3858 
4920 
4489 
2438 
1081 
2606 
3822 
3561 
4687 
693 
32 
529 
3485 
1394 
2654 
4813 
2733 
4269 
3136 
1527 
283 
4901 
2710 
2272 
4911 
2433 
3945 
1754 
3965 
368 
3951 
515 
421 
3370 
1988 
1449 
1580 
2948 
4156 
1784 
3688 
224 
1970 
1726 
528 
2034 
4709 
1240 
690 
2429 
1173 
2506 
2658 
892 
234 
4899 
1978 
337 
781 
2774 
596 
754 
2693 
3194 
3386 
4319 
2748 
1283 
679 
1613 
2711 
71 
3515 
550 
2818 
4041 
2139 
4622 
3673 
3778 
3903 
3952 
696 
19 
3882 
1191 
284 
2573 
2582 
2909 
3607 
3097 
1437 
1543 
1504 
2208 
3176 
4975 
929 
1076 
4356 
3281 
808 
564 
4536 
2663 
4446 
4860 
312 
4853 
3043 
2819 
990 
2541 
1288 
4164 
1428 
1973 
4067 
2862 
2514 
1564 
2487 
3836 
3902 
4392 
1537 
2837 
1599 
2235 
4308 
4652 
1042 
2857 
2309 
2329 
3501 
2867 
112 
183 
655 
4272 
2698 
1836 
1414 
2215 
1685 
1956 
1382 
262 
1407 
254 
4489 
3566 
1099 
1414 
1793 
1804 
862 
2281 
1312 
3842 
2043 
3916 
2249 
20 
2464 
2509 
1316 
4387 
1687 
160 
158 
3573 
2830 
3988 
1023 
4443 
1471 
2955 
3450 
4466 
3513 
86 
4832 
2563 
4509 
4175 
3061 
4899 
2865 
4125 
3586 
620 
4680 
2155 
873 
1906 
1208 
1865 
1964 
4062 
2427 
3561 
2199 
4838 
3856 
2747 
4817 
3243 
1615 
4178 
3719 
4378 
207 
4077 
721 
3588 
1932 
1311 
1507 
3950 
3385 
2263 
1613 
3617 
1379 
1809 
1195 
3195 
3790 
307 
4118 
4580 
4205 
2769 
3769 
3762 
966 
2969 
3645 
4550 
4468 
720 
1893 
3405 
2700 
2563 
3483 
4751 
128 
3399 
2313 
75 
807 
281 
1665 
890 
2146 
1166 
3878 
1023 
1840 
4133 
3992 
2782 
276 
3784 
3244 
4657 
4042 
4199 
1970 
684 
3766 
4061 
1829 
1339 
813 
4497 
830 
3854 
3849 
4630 
1513 
780 
969 
2611 
4167 
717 
1143 
4899 
434 
607 
3376 
2718 
260 
1890 
2512 
1759 
4849 
3220 
3811 
3524 
3408 
2046 
1325 
2065 
3230 
1588 
755 
749 
1323 
4545 
4856 
3348 
2058 
4953 
2257 
2299 
3157 
4461 
1681 
1295 
3760 
3546 
566 
126 
1905 
978 
4169 
2692 
4726 
994 
154 
4952 
191 
3722 
3114 
1213 
4416 
3945 
119 
2505 
4904 
4086 
132 
977 
2749 
96 
510 
4315 
4061 
2095 
152 
26 
3134 
56 
3656 
2966 
2064 
501 
2120 
1737 
2101 
4211 
1030 
1108 
400 
3346 
4252 
1600 
627 
1817 
2344 
637 
2903 
3359 
4205 
3630 
1536 
2331 
4112 
1170 
3151 
4981 
4333 
4381 
1454 
1738 
4280 
301 
255 
4532 
4620 
2662 
350 
4415 
1319 
3230 
4034 
1006 
707 
4706 
2952 
4996 
2254 
4095 
264 
2395 
3523 
2730 
1685 
4161 
1136 
2832 
849 
3629 
3382 
4030 
3000 
3807 
3220 
4275 
4616 
4061 
3541 
81 
1463 
2303 
3981 
3944 
1941 
2100 
2063 
1163 
3326 
4122 
3826 
3217 
545 
2610 
919 
3853 
3915 
2242 
2733 
118 
1197 
4402 
2845 
31 
3434 
631 
4879 
3416 
1898 
394 
2139 
532 
3818 
2186 
1664 
2257 
3585 
1718 
4289 
4684 
605 
1756 
1883 
4722 
4228 
3501 
72 
1727 
4259 
1310 
1975 
1923 
4618 
2273 
4114 
4288 
1502 
2426 
4502 
4869 
2470 
1755 
2286 
1398 
1638 
2528 
2329 
3026 
2583 
259 
4736 
363 
2261 
1305 
2097 
1714 
2104 
3715 
3278 
1393 
667 
2486 
2782 
4599 
2384 
3604 
2731 
87 
2867 
792 
1491 
4929 
3618 
2214 
2239 
3679 
1067 
4873 
3087 
3025 
1166 
2275 
4372 
218 
3847 
2561 
2596 
377 
4117 
3284 
4754 
4810 
4173 
1041 
2691 
4810 
2688 
3905 
90 
2638 
1809 
3714 
1093 
740 
3480 
4997 
3869 
4760 
4098 
4918 
2434 
4344 
182 
3703 
549 
1577 
601 
1164 
4052 
1584 
4363 
856 
1794 
322 
2729 
863 
621 
3372 
4033 
4538 
4502 
4692 
1224 
23 
3244 
3598 
1039 
1407 
2665 
1175 
3570 
4741 
2483 
3758 
1864 
1325 
1468 
3686 
3613 
1907 
1826 
2054 
19 
928 
3080 
2121 
133 
1689 
4644 
4718 
2379 
479 
2359 
3689 
2625 
4936 
424 
2880 
2199 
2436 
1033 
310 
4243 
41 
3960 
3356 
2058 
1615 
2248 
1643 
2587 
965 
3821 
4355 
180 
2683 
4211 
3016 
3803 
2405 
912 
4663 
1230 
854 
3670 
2917 
4443 
587 
2034 
2113 
945 
2156 
4463 
3165 
2261 
2359 
3979 
2680 
2998 
820 
1089 
4695 
1377 
362 
3166 
208 
2022 
617 
1100 
2734 
3073 
517 
2498 
4872 
1011 
641 
3129 
2049 
422 
1658 
1089 
1745 
948 
1024 
4826 
2122 
1312 
2928 
3267 
3820 
2763 
413 
3111 
2938 
4153 
1274 
3299 
2716 
4106 
3378 
3810 
4083 
2594 
4912 
2785 
3927 
3528 
3967 
746 
2140 
1227 
284 
1989 
2000 
1192 
879 
378 
3719 
3077 
525 
1705 
784 
4122 
4409 
3747 
85 
2538 
726 
4046 
830 
1911 
3230 
3788 
4023 
1699 
327 
4845 
1262 
1439 
3577 
3449 
94 
3368 
3913 
2750 
559 
4813 
4409 
224 
2571 
4011 
3613 
2252 
1194 
153 
1512 
884 
4535 
4005 
4893 
1614 
2657 
1229 
1590 
3333 
363 
2806 
3417 
366 
2692 
1016 
3061 
4012 
4199 
279 
1914 
5 
3717 
3564 
1222 
3155 
214 
2490 
1505 
2556 
1292 
3090 
1274 
2722 
2232 
4104 
3031 
827 
4914 
4772 
721 
1658 
2830 
4713 
3918 
4117 
4881 
449 
2933 
3829 
1896 
2935 
4501 
4537 
3082 
3348 
4007 
3275 
1265 
507 
4895 
2809 
3701 
3781 
4095 
3845 
3808 
309 
4084 
2894 
171 
3868 
1504 
1061 
1464 
375 
718 
552 
3646 
1012 
4552 
3443 
3704 
2537 
3276 
2978 
486 
917 
2371 
1072 
4490 
3669 
865 
659 
2429 
4456 
2296 
2990 
2976 
1475 
77 
2637 
2915 
694 
1737 
2989 
3761 
821 
1321 
4441 
3417 
896 
2895 
2014 
2063 
2828 
3455 
3344 
2538 
4407 
4002 
3955 
43 
4504 
2342 
4067 
100 
965 
1812 
4740 
2599 
2306 
4417 
4034 
3482 
4345 
4534 
2506 
4762 
1237 
4616 
2472 
2781 
3605 
2088 
2318 
3030 
4471 
4404 
36 
3300 
571 
741 
4642 
3924 
852 
3639 
2912 
187 
539 
2195 
2831 
1925 
3891 
1896 
4141 
3593 
1997 
2694 
3292 
1426 
957 
338 
2179 
3399 
2332 
2109 
1284 
739 
3981 
3573 
3301 
2151 
312 
3042 
543 
1283 
2473 
450 
2922 
849 
1794 
3846 
1847 
3282 
933 
923 
4164 
3582 
2747 
2097 
412 
2097 
4632 
143 
252 
1088 
3348 
4853 
3919 
1248 
4251 
3097 
307 
384 
2614 
2747 
4378 
354 
4976 
4857 
1210 
558 
4194 
1852 
525 
919 
4520 
1288 
1697 
2403 
1001 
2776 
313 
3199 
3827