5000
4998
4997
4996
4990
4988
4988
4988
4988
4986
4984
4984
4983
4981
4976
4975
4975
4973
4971
4969
4969
4969
4968
4967
4960
4959
4956
4956
4955
4953
4953
4953
4952
4952
4952
4952
4951
4950
4949
4949
4948
4947
4943
4938
4937
4937
4936
4936
4936
4935
4932
4931
4930
4929
4929
4928
4927
4927
4925
4925
4925
4924
4923
4923
4920
4918
4917
4917
4915
4914
4912
4912
4912
4911
4911
4911
4909
4908
4904
4903
4901
4900
4899
4899
4899
4897
4897
4895
4895
4893
4892
4891
4890
4889
4881
4879
4877
4877
4877
4876
4875
4873
4872
4870
4869
4868
4867
4867
4866
4866
4865
4860
4860
4857
4857
4856
4853
4853
4853
4853
4852
4851
4851
4851
4850
4850
4850
4849
4849
4849
4849
4848
4847
4845
4844
4841
4840
4839
4838
4837
4837
4835
4835
4834
4832
4832
4832
4831
4830
4829
4829
4828
4828
4828
4826
4825
4825
4822
4822
4819
4818
4817
4817
4815
4813
4813
4812
4811
4810
4810
4810
4809
4808
4804
4803
4801
4799
4798
4797
4797
4797
4797
4796
4795
4793
4793
4792
4789
4789
4788
4786
4783
4782
4782
4781
4781
4780
4779
4778
4776
4776
4774
4772
4771
4769
4768
4768
4767
4762
4760
4759
4757
4756
4755
4755
4754
4752
4751
4750
4750
4749
4749
4748
4748
4748
4747
4746
4743
4742
4741
4741
4741
4740
4740
4739
4738
4736
4736
4734
4734
4731
4731
4730
4729
4726
4724
4723
4723
4722
4721
4720
4719
4718
4717
4715
4714
4713
4709
4709
4709
4707
4706
4706
4706
4705
4705
4704
4703
4703
4700
4700
4700
4695
4694
4694
4693
4692
4692
4689
4687
4686
4684
4684
4683
4682
4682
4682
4682
4680
4679
4679
4678
4677
4673
4672
4671
4670
4670
4670
4669
4666
4665
4665
4663
4663
4662
4662
4661
4658
4657
4656
4652
4651
4651
4644
4644
4643
4643
4643
4642
4641
4641
4640
4639
4638
4636
4636
4635
4632
4631
4631
4630
4628
4627
4625
4624
4624
4622
4622
4621
4620
4620
4618
4616
4616
4616
4615
4615
4615
4614
4614
4614
4610
4609
4608
4608
4608
4605
4599
4598
4592
4590
4589
4588
4588
4587
4587
4586
4583
4581
4580
4580
4579
4578
4577
4576
4575
4574
4572
4571
4570
4570
4570
4570
4568
4561
4561
4560
4559
4558
4558
4558
4556
4556
4555
4555
4554
4553
4552
4552
4552
4550
4550
4550
4549
4546
4545
4545
4539
4538
4538
4538
4537
4537
4537
4537
4536
4536
4535
4534
4534
4532
4532
4530
4529
4528
4526
4522
4522
4521
4520
4520
4520
4516
4514
4514
4513
4511
4511
4511
4510
4510
4509
4509
4509
4508
4508
4507
4507
4504
4504
4504
4503
4503
4502
4502
4502
4501
4497
4494
4492
4490
4489
4489
4489
4489
4484
4481
4479
4478
4477
4477
4475
4473
4472
4472
4471
4468
4466
4466
4465
4464
4463
4463
4463
4462
4462
4462
4461
4461
4461
4459
4458
4457
4456
4456
4455
4455
4451
4449
4448
4447
4446
4446
4446
4445
4443
4443
4441
4439
4438
4436
4433
4433
4432
4427
4424
4424
4423
4421
4421
4420
4417
4417
4417
4416
4415
4412
4409
4409
4408
4407
4407
4406
4405
4404
4403
4402
4402
4401
4400
4398
4393
4393
4393
4392
4388
4387
4387
4386
4383
4382
4381
4381
4381
4378
4378
4376
4375
4373
4372
4371
4369
4368
4366
4364
4363
4362
4361
4360
4360
4357
4356
4355
4355
4354
4347
4345
4344
4344
4344
4342
4341
4340
4340
4338
4337
4335
4335
4334
4333
4333
4332
4329
4329
4327
4326
4324
4321
4321
4319
4318
4315
4312
4308
4308
4307
4306
4304
4304
4303
4301
4301
4301
4300
4300
4300
4298
4297
4297
4297
4293
4293
4290
4290
4289
4288
4288
4288
4287
4287
4284
4283
4282
4280
4280
4280
4279
4276
4275
4273
4272
4271
4269
4269
4269
4268
4267
4267
4266
4265
4259
4258
4255
4255
4252
4251
4251
4250
4250
4249
4249
4249
4249
4249
4248
4247
4247
4245
4244
4243
4243
4242
4242
4240
4240
4238
4231
4229
4228
4228
4228
4228
4226
4223
4223
4222
4221
4221
4220
4217
4216
4215
4215
4213
4213
4211
4211
4209
4209
4208
4208
4206
4206
4206
4205
4205
4204
4204
4201
4201
4200
4199
4199
4199
4199
4197
4197
4196
4195
4195
4194
4194
4194
4191
4190
4189
4188
4186
4185
4184
4182
4181
4179
4178
4175
4175
4173
4170
4169
4169
4167
4165
4164
4164
4164
4161
4157
4156
4156
4156
4155
4154
4154
4154
4153
4148
4148
4146
4143
4143
4141
4140
4137
4136
4135
4135
4135
4135
4134
4134
4133
4132
4130
4129
4127
4125
4123
4122
4122
4120
4120
4118
4117
4117
4114
4114
4113
4113
4112
4112
4111
4111
4109
4109
4106
4105
4105
4104
4103
4103
4103
4103
4101
4101
4100
4098
4098
4097
4096
4095
4095
4095
4094
4094
4093
4092
4092
4089
4086
4084
4083
4083
4082
4082
4081
4080
4080
4078
4077
4077
4076
4074
4068
4067
4067
4064
4063
4062
4061
4061
4061
4061
4060
4056
4056
4054
4053
4052
4051
4051
4051
4050
4050
4048
4048
4048
4047
4046
4046
4045
4043
4042
4041
4040
4040
4039
4039
4039
4038
4037
4037
4034
4034
4034
4033
4030
4027
4025
4023
4023
4023
4023
4022
4020
4020
4020
4020
4019
4019
4017
4017
4015
4014
4012
4012
4011
4008
4008
4007
4005
4005
4004
4004
4004
4003
4002
4000
3997
3995
3992
3992
3992
3988
3987
3986
3984
3982
3981
3981
3981
3980
3979
3979
3978
3978
3978
3977
3971
3970
3970
3970
3969
3967
3965
3964
3963
3963
3962
3960
3956
3956
3955
3955
3952
3952
3952
3951
3951
3950
3950
3947
3946
3946
3945
3945
3944
3944
3939
3937
3937
3936
3936
3935
3932
3932
3931
3930
3929
3928
3927
3927
3927
3926
3925
3925
3924
3921
3921
3920
3919
3918
3916
3915
3915
3914
3914
3913
3912
3911
3911
3910
3909
3906
3905
3905
3903
3903
3902
3902
3902
3901
3900
3896
3891
3891
3891
3890
3890
3889
3889
3889
3887
3882
3880
3878
3876
3875
3875
3874
3870
3869
3868
3867
3867
3867
3866
3864
3862
3861
3861
3859
3858
3856
3856
3854
3854
3854
3854
3853
3851
3849
3847
3846
3845
3845
3844
3844
3842
3839
3839
3836
3836
3835
3832
3830
3830
3829
3829
3828
3828
3827
3826
3826
3825
3825
3824
3822
3822
3822
3822
3822
3821
3821
3820
3820
3820
3819
3818
3818
3818
3818
3817
3816
3814
3814
3813
3813
3811
3810
3808
3808
3807
3807
3806
3805
3803
3802
3802
3802
3801
3797
3795
3793
3793
3792
3792
3790
3790
3790
3788
3788
3788
3787
3787
3784
3784
3784
3784
3781
3781
3778
3777
3777
3777
3775
3775
3774
3771
3769
3769
3767
3766
3766
3766
3766
3762
3762
3762
3761
3760
3760
3760
3760
3759
3758
3758
3756
3754
3753
3752
3750
3748
3748
3747
3746
3745
3744
3741
3739
3736
3735
3734
3733
3732
3732
3728
3727
3727
3725
3722
3722
3719
3719
3719
3718
3717
3717
3717
3716
3715
3715
3714
3711
3710
3710
3708
3707
3706
3704
3704
3703
3702
3701
3701
3698
3698
3696
3695
3691
3690
3690
3689
3689
3688
3687
3686
3685
3685
3684
3683
3683
3683
3683
3681
3679
3679
3678
3676
3673
3673
3671
3670
3670
3669
3667
3666
3665
3665
3665
3664
3664
3660
3660
3659
3658
3657
3657
3656
3655
3655
3655
3655
3654
3652
3651
3650
3650
3648
3646
3646
3645
3645
3644
3642
3641
3640
3639
3638
3634
3634
3633
3632
3630
3630
3630
3630
3629
3629
3629
3627
3627
3626
3625
3621
3619
3618
3618
3617
3616
3616
3615
3613
3613
3613
3613
3611
3611
3610
3610
3610
3608
3607
3607
3605
3605
3604
3604
3602
3601
3599
3598
3598
3598
3597
3595
3595
3593
3592
3590
3589
3588
3587
3586
3586
3586
3585
3585
3585
3585
3583
3582
3581
3581
3581
3578
3578
3577
3577
3576
3575
3574
3573
3573
3573
3572
3570
3570
3569
3567
3567
3566
3565
3564
3564
3561
3561
3560
3556
3551
3550
3549
3546
3546
3545
3545
3544
3543
3542
3541
3540
3540
3539
3537
3537
3530
3530
3529
3528
3527
3527
3527
3526
3526
3524
3524
3523
3523
3520
3519
3516
3515
3515
3514
3513
3513
3513
3512
3511
3508
3506
3505
3501
3501
3500
3499
3495
3493
3493
3491
3491
3490
3487
3487
3485
3483
3482
3482
3481
3481
3480
3480
3479
3478
3475
3473
3471
3469
3465
3465
3465
3465
3464
3463
3462
3462
3461
3460
3458
3458
3457
3457
3455
3454
3453
3453
3452
3450
3449
3448
3447
3446
3444
3444
3444
3443
3443
3443
3441
3440
3439
3438
3435
3434
3431
3429
3427
3426
3425
3423
3421
3420
3417
3417
3417
3416
3416
3415
3415
3411
3409
3408
3408
3407
3407
3406
3405
3404
3403
3402
3399
3399
3399
3398
3397
3396
3394
3391
3386
3386
3385
3384
3382
3380
3378
3377
3376
3376
3374
3372
3372
3370
3370
3370
3368
3364
3363
3362
3362
3361
3360
3359
3356
3355
3355
3354
3353
3352
3348
3348
3348
3346
3346
3346
3344
3344
3343
3341
3341
3341
3341
3339
3333
3333
3332
3331
3329
3327
3326
3325
3322
3322
3322
3322
3322
3320
3320
3319
3318
3317
3317
3315
3313
3311
3310
3309
3308
3307
3307
3304
3303
3303
3302
3302
3301
3301
3300
3300
3299
3298
3293
3293
3293
3293
3292
3292
3289
3287
3286
3286
3285
3285
3284
3284
3282
3282
3281
3281
3280
3279
3279
3278
3278
3276
3275
3273
3273
3272
3272
3269
3267
3267
3266
3265
3264
3263
3262
3261
3261
3261
3260
3258
3257
3257
3257
3256
3256
3254
3252
3252
3252
3251
3251
3248
3244
3244
3243
3242
3241
3240
3238
3238
3237
3236
3235
3235
3234
3231
3230
3230
3230
3228
3228
3225
3224
3221
3220
3220
3220
3220
3218
3218
3217
3217
3216
3212
3212
3212
3210
3209
3208
3208
3208
3205
3205
3204
3200
3199
3198
3198
3196
3196
3195
3195
3195
3194
3194
3192
3192
3190
3189
3184
3182
3181
3180
3179
3178
3176
3174
3172
3171
3171
3170
3170
3170
3169
3167
3166
3165
3164
3164
3161
3160
3158
3158
3158
3157
3156
3155
3154
3153
3153
3152
3151
3150
3150
3149
3148
3146
3146
3146
3145
3143
3142
3141
3141
3140
3140
3137
3137
3136
3136
3134
3131
3129
3128
3127
3127
3126
3124
3123
3121
3121
3121
3120
3120
3120
3119
3116
3116
3115
3114
3111
3111
3111
3111
3110
3106
3106
3106
3105
3102
3102
3100
3098
3097
3097
3096
3094
3094
3090
3089
3088
3087
3087
3085
3084
3084
3084
3082
3081
3081
3080
3078
3077
3074
3074
3073
3072
3071
3070
3070
3065
3065
3062
3062
3062
3061
3061
3059
3059
3058
3057
3057
3055
3055
3054
3054
3053
3051
3049
3048
3047
3047
3046
3045
3045
3044
3043
3043
3042
3041
3040
3039
3037
3036
3033
3032
3031
3031
3031
3030
3026
3025
3024
3020
3019
3018
3017
3017
3016
3015
3013
3013
3010
3009
3005
3003
3000
3000
2998
2998
2994
2994
2992
2991
2990
2989
2988
2986
2986
2983
2981
2981
2980
2978
2978
2976
2976
2976
2976
2975
2972
2972
2971
2971
2969
2967
2966
2966
2965
2965
2963
2963
2962
2962
2960
2960
2959
2957
2957
2956
2956
2956
2955
2952
2952
2952
2949
2948
2948
2946
2946
2944
2943
2942
2942
2939
2938
2938
2937
2937
2935
2935
2934
2933
2933
2932
2932
2931
2930
2929
2929
2929
2928
2928
2927
2927
2927
2926
2925
2925
2922
2921
2917
2916
2915
2915
2915
2914
2913
2912
2911
2909
2909
2908
2908
2908
2905
2904
2904
2903
2903
2902
2901
2900
2898
2898
2897
2897
2896
2895
2895
2895
2895
2894
2894
2892
2891
2891
2891
2891
2890
2889
2887
2885
2884
2884
2881
2880
2880
2879
2879
2875
2874
2874
2874
2872
2872
2871
2871
2870
2870
2869
2869
2868
2867
2867
2867
2867
2867
2866
2865
2864
2862
2862
2860
2860
2859
2857
2857
2856
2856
2855
2854
2852
2848
2848
2848
2845
2845
2843
2841
2839
2837
2836
2836
2835
2833
2832
2832
2832
2832
2831
2831
2830
2830
2829
2829
2828
2824
2824
2823
2821
2819
2819
2818
2815
2814
2809
2808
2806
2806
2805
2801
2801
2801
2796
2793
2792
2790
2790
2789
2789
2788
2785
2785
2784
2782
2782
2781
2781
2778
2777
2776
2775
2774
2773
2773
2772
2772
2770
2769
2769
2769
2769
2769
2769
2768
2768
2767
2767
2767
2766
2765
2763
2761
2760
2756
2754
2753
2753
2752
2752
2750
2749
2749
2748
2747
2747
2747
2747
2747
2742
2742
2742
2741
2739
2738
2736
2736
2735
2734
2734
2734
2734
2733
2733
2731
2731
2730
2730
2729
2729
2729
2728
2727
2727
2727
2726
2725
2722
2722
2721
2721
2719
2718
2718
2717
2716
2716
2714
2713
2712
2712
2711
2710
2709
2705
2704
2704
2704
2703
2702
2701
2700
2699
2698
2698
2698
2697
2696
2696
2694
2694
2693
2692
2692
2692
2691
2691
2689
2689
2688
2688
2684
2684
2683
2683
2681
2680
2678
2677
2676
2674
2674
2674
2672
2669
2669
2669
2669
2667
2666
2665
2665
2663
2663
2662
2662
2660
2659
2658
2658
2657
2654
2654
2651
2651
2650
2650
2650
2649
2648
2647
2647
2646
2645
2644
2643
2642
2642
2641
2641
2641
2640
2638
2638
2637
2637
2636
2635
2634
2634
2633
2633
2633
2632
2631
2629
2626
2625
2625
2620
2619
2618
2618
2618
2618
2617
2617
2617
2616
2616
2615
2614
2613
2612
2611
2611
2610
2610
2609
2609
2608
2606
2606
2605
2604
2604
2603
2600
2599
2599
2597
2596
2596
2594
2594
2592
2589
2588
2587
2587
2586
2583
2583
2582
2582
2581
2580
2578
2577
2576
2574
2573
2573
2573
2572
2571
2571
2571
2569
2569
2566
2566
2564
2563
2563
2563
2562
2561
2561
2559
2559
2559
2557
2556
2552
2552
2547
2544
2544
2543
2543
2543
2542
2541
2538
2538
2537
2536
2534
2533
2533
2532
2532
2532
2532
2530
2530
2529
2529
2528
2528
2528
2525
2525
2524
2522
2520
2516
2516
2516
2516
2515
2515
2514
2514
2514
2514
2513
2512
2512
2511
2510
2509
2508
2506
2506
2506
2506
2505
2505
2505
2504
2504
2501
2500
2498
2497
2496
2496
2491
2490
2490
2489
2488
2487
2487
2487
2486
2486
2485
2483
2483
2482
2480
2480
2477
2476
2475
2474
2474
2473
2473
2472
2470
2468
2468
2467
2466
2466
2465
2465
2464
2464
2464
2463
2461
2461
2460
2457
2455
2454
2453
2453
2451
2449
2449
2449
2448
2448
2447
2445
2444
2443
2443
2442
2441
2439
2438
2437
2437
2436
2436
2434
2434
2433
2433
2432
2432
2432
2431
2431
2430
2429
2429
2429
2429
2427
2426
2424
2424
2424
2423
2422
2421
2420
2419
2417
2416
2415
2413
2412
2411
2409
2407
2407
2406
2406
2405
2405
2405
2405
2404
2404
2403
2403
2403
2401
2401
2399
2399
2398
2397
2397
2397
2396
2396
2395
2395
2391
2390
2390
2389
2387
2386
2384
2384
2383
2382
2382
2381
2380
2379
2379
2377
2377
2376
2374
2374
2373
2373
2371
2371
2369
2369
2365
2364
2364
2363
2361
2361
2360
2360
2359
2359
2359
2357
2355
2355
2355
2354
2352
2352
2351
2351
2350
2350
2349
2344
2342
2342
2342
2341
2341
2341
2340
2340
2338
2338
2336
2336
2334
2333
2333
2332
2332
2332
2331
2330
2330
2329
2329
2328
2328
2326
2325
2323
2323
2323
2323
2321
2321
2321
2321
2320
2319
2318
2318
2317
2315
2314
2313
2311
2311
2309
2308
2306
2306
2305
2304
2303
2301
2299
2299
2297
2296
2294
2292
2288
2287
2286
2286
2286
2285
2285
2283
2283
2282
2281
2281
2281
2281
2277
2276
2275
2275
2273
2273
2272
2271
2269
2268
2266
2266
2264
2264
2263
2261
2261
2258
2257
2257
2257
2256
2256
2256
2254
2254
2254
2253
2253
2253
2253
2252
2252
2251
2250
2249
2249
2248
2245
2244
2244
2243
2242
2242
2242
2241
2239
2239
2237
2235
2234
2232
2231
2230
2229
2227
2227
2227
2225
2225
2225
2223
2222
2220
2219
2217
2217
2215
2215
2214
2214
2212
2211
2210
2209
2208
2207
2207
2206
2204
2203
2202
2201
2199
2199
2199
2197
2196
2195
2195
2194
2191
2191
2191
2191
2187
2187
2186
2186
2184
2183
2183
2183
2182
2181
2181
2179
2178
2178
2177
2177
2177
2173
2173
2172
2171
2171
2171
2170
2170
2169
2169
2169
2168
2167
2166
2166
2165
2163
2163
2161
2160
2159
2157
2156
2156
2156
2155
2155
2155
2154
2152
2152
2152
2152
2152
2151
2151
2150
2148
2147
2146
2145
2144
2144
2140
2139
2139
2137
2135
2135
2131
2130
2128
2125
2124
2122
2121
2120
2118
2115
2113
2112
2112
2111
2111
2110
2109
2107
2106
2106
2106
2105
2104
2104
2102
2102
2101
2101
2101
2100
2097
2097
2097
2095
2094
2092
2090
2088
2088
2087
2085
2084
2084
2082
2082
2082
2080
2079
2077
2076
2076
2075
2073
2073
2072
2066
2066
2065
2065
2064
2063
2063
2062
2061
2060
2060
2060
2060
2059
2058
2058
2056
2054
2051
2049
2049
2049
2047
2047
2046
2045
2043
2040
2040
2039
2035
2034
2034
2033
2032
2032
2031
2029
2028
2027
2027
2027
2026
2025
2024
2022
2021
2016
2016
2015
2015
2015
2014
2014
2013
2011
2009
2009
2006
2006
2004
2002
2001
2001
2000
2000
1998
1998
1998
1997
1996
1996
1995
1994
1994
1994
1992
1992
1989
1988
1988
1985
1984
1984
1980
1979
1979
1978
1978
1978
1975
1975
1973
1972
1970
1970
1967
1965
1965
1964
1963
1963
1962
1961
1961
1959
1956
1956
1956
1956
1955
1953
1952
1952
1951
1949
1948
1948
1944
1943
1942
1941
1941
1940
1940
1938
1935
1934
1932
1931
1930
1930
1929
1928
1927
1927
1926
1926
1925
1925
1924
1923
1923
1922
1918
1915
1914
1914
1914
1912
1911
1911
1911
1910
1910
1909
1909
1908
1908
1907
1907
1907
1906
1906
1905
1905
1904
1902
1898
1897
1897
1896
1896
1896
1895
1894
1893
1893
1892
1892
1890
1890
1889
1887
1887
1886
1884
1884
1883
1883
1882
1882
1881
1881
1880
1879
1878
1878
1877
1877
1875
1874
1874
1872
1872
1871
1871
1870
1869
1869
1868
1868
1865
1865
1864
1862
1862
1862
1861
1860
1859
1857
1856
1855
1855
1854
1852
1849
1848
1848
1847
1847
1847
1845
1845
1844
1843
1843
1843
1842
1842
1842
1840
1840
1837
1837
1836
1835
1833
1831
1829
1827
1827
1826
1823
1822
1822
1822
1821
1820
1820
1818
1817
1816
1815
1813
1812
1811
1811
1811
1810
1810
1809
1809
1809
1806
1805
1804
1803
1802
1802
1800
1800
1800
1797
1797
1797
1796
1794
1794
1794
1794
1794
1794
1793
1791
1789
1788
1788
1784
1784
1782
1779
1778
1778
1776
1776
1775
1774
1773
1771
1770
1770
1768
1766
1766
1766
1765
1765
1765
1764
1764
1762
1762
1760
1759
1759
1758
1758
1758
1756
1756
1755
1755
1755
1754
1753
1752
1751
1750
1750
1748
1747
1745
1745
1742
1742
1742
1742
1742
1742
1741
1740
1738
1738
1737
1737
1737
1733
1732
1730
1729
1727
1726
1721
1720
1720
1718
1718
1718
1717
1716
1715
1714
1712
1709
1709
1708
1707
1705
1705
1704
1702
1701
1701
1701
1700
1699
1698
1697
1693
1691
1689
1689
1689
1688
1687
1687
1685
1685
1685
1685
1684
1684
1684
1682
1682
1681
1680
1678
1677
1677
1676
1676
1674
1672
1671
1670
1670
1669
1667
1667
1667
1665
1664
1664
1664
1659
1658
1658
1658
1658
1658
1658
1657
1656
1656
1656
1655
1655
1655
1653
1652
1651
1650
1649
1649
1648
1647
1647
1644
1643
1643
1643
1642
1640
1639
1638
1638
1636
1635
1635
1632
1629
1629
1628
1627
1627
1627
1625
1624
1622
1622
1622
1622
1621
1621
1620
1619
1618
1618
1618
1616
1616
1615
1615
1614
1614
1614
1613
1613
1609
1604
1604
1600
1600
1599
1599
1599
1597
1597
1596
1596
1594
1592
1590
1590
1590
1588
1586
1584
1581
1581
1580
1580
1580
1579
1579
1577
1577
1576
1575
1572
1571
1571
1570
1569
1566
1566
1565
1564
1563
1562
1561
1560
1557
1557
1554
1554
1553
1552
1551
1551
1548
1547
1547
1546
1544
1544
1543
1541
1540
1538
1538
1537
1537
1536
1535
1533
1532
1532
1532
1531
1529
1528
1527
1527
1526
1526
1524
1524
1523
1523
1522
1522
1519
1517
1516
1516
1516
1515
1515
1513
1512
1511
1511
1511
1508
1507
1505
1505
1504
1504
1503
1503
1502
1502
1501
1500
1499
1498
1498
1497
1496
1494
1493
1493
1493
1493
1492
1491
1491
1491
1490
1488
1488
1487
1485
1483
1483
1483
1483
1481
1481
1481
1480
1478
1476
1475
1475
1473
1473
1473
1471
1468
1466
1466
1465
1465
1464
1463
1463
1463
1463
1461
1459
1456
1454
1454
1451
1450
1449
1449
1449
1447
1447
1447
1446
1445
1443
1443
1442
1441
1440
1439
1439
1438
1437
1437
1436
1436
1435
1435
1433
1432
1432
1431
1430
1429
1428
1428
1427
1426
1424
1422
1422
1421
1421
1421
1418
1415
1415
1414
1414
1414
1413
1412
1411
1411
1410
1409
1407
1407
1404
1403
1403
1402
1402
1402
1402
1401
1400
1398
1398
1394
1394
1394
1393
1393
1393
1392
1392
1390
1390
1389
1387
1386
1386
1386
1385
1385
1382
1382
1382
1380
1379
1377
1375
1373
1372
1372
1372
1369
1368
1368
1362
1362
1362
1360
1359
1358
1354
1354
1354
1352
1352
1349
1346
1345
1345
1342
1341
1340
1339
1336
1336
1335
1333
1327
1326
1326
1326
1325
1325
1324
1323
1323
1323
1323
1321
1319
1318
1318
1318
1316
1314
1313
1312
1312
1311
1311
1310
1310
1310
1308
1308
1306
1305
1303
1300
1300
1299
1298
1298
1297
1295
1295
1293
1292
1292
1290
1289
1289
1288
1288
1288
1286
1285
1284
1283
1283
1283
1281
1279
1279
1278
1276
1274
1274
1274
1274
1274
1269
1267
1267
1266
1265
1265
1264
1263
1262
1261
1260
1259
1258
1256
1256
1254
1254
1254
1252
1252
1250
1248
1247
1246
1245
1245
1244
1243
1243
1240
1240
1239
1239
1238
1237
1237
1236
1236
1235
1234
1234
1233
1231
1231
1231
1230
1230
1230
1229
1228
1227
1227
1227
1227
1226
1224
1223
1223
1222
1222
1221
1220
1219
1218
1216
1215
1215
1214
1213
1213
1213
1210
1210
1209
1208
1206
1205
1204
1201
1200
1199
1199
1198
1197
1197
1197
1197
1196
1196
1195
1195
1194
1194
1192
1191
1188
1187
1187
1187
1186
1185
1185
1184
1183
1183
1183
1181
1181
1179
1177
1176
1176
1176
1175
1175
1174
1173
1173
1171
1171
1170
1170
1169
1167
1167
1166
1166
1166
1165
1165
1164
1164
1163
1163
1163
1160
1154
1153
1152
1152
1150
1148
1148
1146
1144
1143
1143
1142
1141
1140
1140
1139
1136
1135
1134
1132
1131
1128
1126
1125
1125
1122
1121
1121
1119
1119
1118
1116
1114
1113
1110
1108
1108
1107
1105
1104
1103
1101
1101
1100
1100
1099
1098
1097
1095
1095
1095
1093
1091
1091
1090
1089
1089
1089
1089
1088
1088
1087
1087
1087
1086
1084
1084
1081
1077
1076
1076
1076
1076
1072
1071
1070
1067
1067
1067
1066
1065
1062
1062
1062
1062
1062
1061
1061
1060
1059
1059
1055
1054
1054
1052
1051
1050
1048
1048
1047
1047
1045
1045
1043
1043
1042
1042
1042
1041
1041
1041
1041
1041
1039
1038
1033
1033
1032
1032
1031
1030
1029
1026
1025
1025
1024
1023
1023
1022
1022
1021
1019
1019
1016
1015
1015
1013
1013
1013
1012
1011
1011
1011
1010
1010
1009
1008
1008
1007
1006
1006
1006
1005
1004
1003
1002
1002
1001
1001
999
998
998
997
995
995
994
994
994
994
993
993
990
990
990
987
984
984
984
982
982
982
981
980
979
979
979
979
978
978
977
977
977
976
975
974
971
969
969
969
968
968
967
966
966
965
965
965
964
964
959
957
956
953
953
953
951
951
950
950
950
948
947
947
946
945
945
944
943
941
941
940
937
936
936
936
935
935
933
931
930
930
929
929
928
927
926
926
926
925
924
923
923
922
920
919
919
919
919
917
917
916
913
912
911
911
911
910
909
907
905
904
904
904
903
903
902
901
900
900
899
899
898
897
897
896
896
895
894
893
892
892
891
891
890
890
890
889
889
889
889
889
886
885
884
881
881
880
879
879
879
877
876
875
874
873
871
870
869
865
863
863
862
862
861
858
856
856
856
855
855
854
854
853
852
852
851
850
849
849
847
845
843
843
840
840
839
839
838
833
832
831
831
831
830
830
827
825
824
821
821
821
821
820
819
818
817
815
815
813
812
812
811
810
810
808
808
808
807
806
805
801
801
798
797
795
795
793
793
792
787
784
783
783
782
782
781
780
779
777
775
773
771
771
770
769
767
767
766
765
765
762
761
760
760
760
758
758
755
754
754
754
753
753
752
750
749
748
747
746
742
742
741
741
740
740
740
739
739
737
737
728
727
727
726
725
724
723
723
722
721
721
721
721
720
720
720
719
719
718
718
718
718
718
718
717
716
716
716
715
713
713
712
712
711
707
704
704
704
702
702
701
699
698
696
696
696
695
695
695
694
694
694
693
693
691
690
690
689
689
689
687
686
686
686
684
684
683
681
679
679
677
677
676
675
673
672
672
670
670
668
667
664
662
661
660
659
659
657
656
656
655
655
654
653
651
649
647
646
646
644
643
643
642
641
641
641
638
637
636
635
635
635
634
634
632
632
632
631
631
630
629
628
627
627
625
623
622
621
621
620
620
620
619
617
616
615
614
614
613
612
609
607
606
605
605
605
603
603
602
601
599
598
597
597
596
596
596
594
592
591
591
590
589
588
588
588
587
587
586
585
585
585
585
585
583
582
578
578
578
577
577
575
573
572
572
571
571
570
568
567
566
566
566
564
562
559
558
558
558
555
555
554
552
550
550
550
550
550
549
549
548
548
545
544
544
543
543
541
540
539
538
537
532
532
532
532
531
529
528
528
525
525
524
524
524
523
520
518
517
515
515
514
513
511
510
510
509
509
509
508
508
507
507
506
503
502
501
501
501
499
499
499
498
496
496
496
495
493
492
490
489
488
488
487
487
486
486
485
484
482
479
479
479
479
478
477
476
475
474
473
473
473
471
471
468
466
466
465
462
459
458
456
456
453
452
452
451
450
450
450
449
449
447
447
447
444
443
442
441
440
439
435
434
434
433
428
427
425
424
422
421
420
418
417
417
413
413
412
412
410
410
409
408
408
408
407
405
404
400
400
399
395
395
394
393
392
385
384
382
380
379
378
377
375
375
371
371
369
368
368
366
366
363
363
363
363
363
363
362
360
359
357
355
354
354
352
352
351
351
350
349
349
349
348
347
344
341
341
341
338
338
338
338
337
336
335
335
332
332
332
330
329
328
327
327
323
322
321
319
316
316
315
314
313
312
312
311
310
310
309
307
307
307
305
303
302
301
301
301
300
298
298
296
296
291
290
287
286
284
284
283
282
281
279
278
277
276
276
276
273
272
270
270
270
267
265
264
262
262
261
261
260
260
259
259
258
256
256
255
255
254
252
252
251
250
249
245
244
243
242
241
241
240
240
239
237
237
236
235
235
234
234
234
232
231
224
224
224
224
223
223
222
219
219
218
217
217
214
214
212
211
210
210
210
208
207
207
207
207
207
206
205
204
202
202
200
197
197
197
197
196
194
193
191
191
189
188
187
185
183
182
181
180
180
177
176
176
174
174
173
172
171
170
170
169
165
164
163
160
160
159
159
159
158
158
157
155
154
154
153
152
152
152
152
149
149
148
148
145
145
144
143
139
138
137
136
135
133
132
130
130
130
129
129
128
128
127
127
127
126
125
123
122
122
120
120
120
119
118
118
117
117
116
115
113
112
111
111
109
105
105
104
103
100
99
98
97
97
96
95
95
94
93
93
93
91
90
90
89
87
87
86
86
86
85
85
85
83
83
81
81
81
79
77
75
73
72
71
71
71
70
69
68
67
67
65
64
62
58
58
56
54
52
52
50
48
48
48
47
47
45
43
43
43
43
42
42
41
39
38
37
36
36
32
32
31
31
29
29
27
26
26
23
22
22
20
20
19
19
19
19
19
19
18
18
18
15
15
15
14
14
14
13
12
11
11
10
6
5
4
1