1
2
3
3
3
3
5
5
8
8
8
10
10
10
11
11
12
13
14
14
15
15
15
15
17
18
19
20
20
21
22
22
22
23
23
24
25
29
31
31
32
32
32
32
35
35
38
38
38
38
39
40
40
40
41
44
44
45
46
46
47
49
49
49
54
54
55
55
56
57
58
58
58
61
62
62
63
64
65
66
66
66
67
69
69
70
70
71
71
71
71
72
73
74
74
74
74
75
75
76
76
78
79
79
80
81
81
82
82
83
84
85
86
88
88
88
91
91
91
91
92
92
94
94
95
96
97
99
100
100
100
101
105
106
109
110
110
111
111
111
113
113
116
117
118
118
118
118
119
120
121
121
121
121
122
122
122
123
123
123
123
123
124
124
126
128
129
129
132
136
138
138
138
139
139
140
140
141
141
142
142
142
143
144
144
145
147
147
147
147
149
150
151
151
152
152
155
155
155
156
156
157
157
158
158
160
160
161
163
163
163
164
165
165
165
165
167
168
168
168
168
168
172
172
172
173
174
174
175
178
178
178
179
179
179
179
179
180
180
180
180
180
185
185
186
187
187
188
189
189
189
189
191
191
194
194
195
195
195
195
196
197
197
198
198
199
199
200
201
201
201
201
201
202
202
203
203
203
203
204
205
208
208
208
209
209
210
210
210
211
213
215
215
215
217
219
219
219
220
221
222
222
225
228
228
229
229
230
230
231
233
234
234
234
235
236
236
238
239
240
242
242
244
244
245
246
247
248
248
249
250
250
252
252
253
254
255
256
256
257
257
258
258
261
262
262
263
264
264
265
265
266
267
268
269
269
270
270
271
271
271
273
275
276
277
277
277
278
280
281
282
283
283
283
287
287
288
288
290
290
290
291
292
292
292
292
293
293
295
295
296
297
297
299
299
299
300
300
301
303
303
304
304
304
307
308
309
310
310
312
312
313
313
314
315
316
317
317
318
318
318
319
321
322
323
323
324
324
326
326
326
327
329
330
331
332
332
333
336
337
337
338
338
340
340
341
342
343
343
345
345
345
347
347
348
349
350
351
351
353
355
356
357
357
358
358
359
360
361
361
362
363
364
365
367
368
368
369
369
369
370
370
371
372
372
373
373
374
375
375
376
378
378
379
380
382
382
382
383
384
384
384
385
386
387
390
390
391
392
396
396
397
397
400
401
401
402
403
404
404
405
406
407
411
411
411
412
412
412
413
413
413
413
413
414
414
414
415
416
417
418
419
419
420
420
423
423
424
424
424
427
427
427
428
428
429
430
431
431
432
433
433
434
435
437
438
439
439
439
439
440
441
441
443
445
446
447
447
448
448
449
449
449
449
449
450
451
452
456
458
459
460
460
462
463
463
464
465
466
466
466
467
468
469
469
469
470
472
474
476
477
479
479
479
480
483
483
483
485
486
487
488
488
489
489
490
490
490
491
491
493
493
495
496
498
499
499
501
502
502
502
504
506
507
507
507
507
508
508
508
508
509
509
509
514
514
514
514
515
515
516
517
517
518
518
520
521
521
522
523
526
527
527
527
530
530
531
531
533
535
537
539
539
539
541
542
543
545
545
546
547
547
547
547
548
548
549
551
551
552
553
553
554
554
556
556
557
557
557
560
560
561
562
563
564
564
565
565
566
567
567
567
568
569
570
570
571
571
571
572
574
574
574
575
575
576
577
579
579
579
582
582
583
584
584
588
588
589
589
590
590
590
590
591
591
592
592
592
593
593
596
597
598
601
602
602
604
604
604
606
606
606
607
608
608
609
612
614
614
615
615
615
615
615
616
616
617
617
621
621
621
622
625
626
628
630
630
631
631
633
634
635
636
636
636
637
638
638
639
640
640
640
641
641
644
646
647
648
649
650
652
652
653
653
653
654
654
654
655
657
659
659
659
660
661
662
662
663
664
664
664
665
665
666
667
668
668
669
669
670
670
670
671
672
673
673
673
676
676
676
678
679
679
679
679
679
680
680
681
681
682
683
685
690
690
690
691
692
695
697
698
699
700
701
701
702
702
702
702
702
705
706
706
707
708
709
709
710
712
712
712
713
714
714
714
714
715
715
716
716
720
720
721
722
723
723
723
724
724
724
724
725
725
729
729
731
732
735
735
735
736
737
737
738
741
741
742
742
744
744
745
745
745
746
749
750
750
751
752
752
752
757
759
759
759
762
762
763
763
764
765
770
772
773
774
774
775
775
775
776
777
778
779
780
780
782
782
783
785
785
788
788
788
789
789
789
790
790
790
791
791
792
792
794
796
796
796
798
799
800
800
801
801
802
802
803
804
804
804
808
812
813
814
814
815
817
818
820
825
826
827
827
828
829
829
830
831
832
833
833
834
834
835
836
837
838
839
839
840
840
840
840
841
841
841
841
841
843
843
844
845
846
846
847
849
850
851
851
851
852
852
853
855
855
856
856
857
858
858
859
861
862
863
863
864
864
865
865
866
869
870
870
871
872
873
874
874
875
875
876
877
880
884
884
886
886
888
889
892
892
892
892
893
893
893
894
895
895
896
897
898
902
904
904
904
906
906
906
907
907
908
908
911
913
913
913
918
918
919
920
920
921
921
922
923
925
925
926
928
930
930
930
931
932
932
932
935
935
937
938
940
941
943
945
945
945
945
946
947
948
948
949
950
950
950
953
953
955
956
957
958
959
959
960
960
960
965
965
966
967
968
968
969
969
970
970
973
977
977
977
978
978
980
982
983
984
984
985
986
986
986
987
988
988
989
990
990
991
992
993
994
995
995
996
997
998
999
1001
1003
1004
1005
1006
1007
1009
1010
1010
1010
1010
1012
1012
1012
1015
1016
1018
1018
1018
1019
1019
1019
1020
1022
1022
1023
1024
1024
1026
1027
1029
1029
1029
1029
1029
1032
1033
1034
1034
1035
1035
1036
1037
1037
1038
1039
1039
1040
1040
1041
1041
1043
1043
1043
1045
1046
1047
1048
1049
1049
1050
1051
1052
1052
1052
1052
1054
1055
1055
1055
1055
1057
1059
1059
1060
1060
1060
1062
1064
1064
1064
1065
1066
1069
1069
1069
1070
1071
1072
1073
1073
1074
1075
1075
1075
1077
1077
1078
1081
1082
1083
1084
1085
1087
1087
1088
1089
1089
1090
1091
1091
1092
1092
1092
1093
1094
1094
1094
1095
1097
1097
1097
1098
1098
1099
1099
1099
1100
1100
1101
1102
1103
1104
1105
1105
1106
1106
1107
1107
1107
1108
1109
1110
1110
1111
1111
1113
1113
1113
1113
1114
1115
1115
1117
1117
1119
1120
1121
1121
1122
1122
1122
1122
1124
1127
1127
1128
1128
1129
1130
1131
1131
1131
1131
1133
1134
1134
1134
1135
1135
1136
1137
1137
1138
1138
1138
1139
1140
1140
1141
1142
1142
1143
1144
1145
1147
1147
1150
1151
1153
1154
1154
1155
1156
1156
1156
1158
1159
1160
1160
1161
1162
1162
1164
1164
1166
1166
1167
1168
1168
1169
1169
1170
1170
1170
1170
1170
1171
1172
1173
1175
1175
1176
1178
1179
1179
1180
1180
1180
1180
1181
1184
1184
1185
1187
1187
1188
1190
1194
1195
1197
1198
1199
1200
1201
1201
1203
1205
1205
1207
1207
1207
1207
1208
1209
1209
1210
1211
1211
1212
1212
1214
1215
1216
1217
1218
1222
1222
1223
1225
1225
1225
1226
1227
1230
1232
1232
1233
1234
1234
1236
1236
1239
1240
1241
1243
1244
1244
1245
1247
1247
1247
1247
1248
1248
1249
1250
1251
1253
1254
1254
1255
1258
1260
1261
1262
1263
1263
1263
1264
1264
1265
1265
1265
1266
1269
1269
1270
1271
1271
1272
1273
1273
1274
1275
1275
1276
1278
1280
1280
1281
1282
1283
1284
1284
1284
1284
1287
1287
1288
1288
1289
1290
1291
1291
1291
1291
1292
1292
1292
1292
1293
1294
1296
1297
1298
1298
1299
1299
1303
1303
1304
1304
1304
1304
1306
1306
1307
1308
1309
1310
1311
1312
1312
1313
1313
1317
1318
1318
1319
1319
1321
1322
1323
1323
1323
1324
1324
1325
1325
1327
1328
1329
1330
1333
1333
1337
1337
1338
1338
1339
1341
1341
1342
1343
1345
1346
1346
1346
1347
1347
1348
1348
1348
1348
1349
1351
1351
1351
1352
1352
1353
1354
1355
1355
1355
1356
1357
1358
1359
1359
1361
1362
1362
1362
1363
1364
1364
1364
1364
1364
1365
1366
1367
1367
1368
1368
1369
1372
1373
1374
1376
1377
1377
1378
1380
1380
1382
1382
1382
1382
1384
1387
1390
1390
1391
1391
1391
1394
1395
1396
1396
1398
1398
1400
1400
1401
1401
1402
1404
1405
1405
1405
1405
1406
1406
1407
1407
1409
1410
1411
1413
1415
1417
1418
1418
1420
1420
1421
1421
1423
1423
1423
1425
1426
1427
1427
1427
1427
1428
1429
1429
1430
1430
1432
1432
1432
1432
1432
1435
1436
1437
1438
1439
1440
1440
1444
1445
1448
1450
1451
1454
1454
1455
1456
1456
1456
1458
1459
1459
1460
1460
1462
1462
1464
1464
1465
1466
1466
1467
1469
1470
1471
1472
1473
1474
1475
1475
1476
1482
1482
1482
1482
1484
1484
1485
1486
1487
1488
1490
1490
1491
1491
1491
1494
1494
1495
1496
1497
1497
1497
1498
1500
1501
1501
1503
1503
1506
1506
1506
1507
1508
1508
1509
1510
1511
1511
1511
1511
1511
1512
1514
1515
1515
1517
1518
1520
1520
1520
1522
1527
1527
1528
1529
1529
1530
1531
1531
1532
1532
1533
1534
1534
1534
1535
1535
1535
1535
1539
1540
1542
1544
1546
1548
1548
1549
1549
1549
1551
1551
1553
1553
1554
1555
1556
1556
1559
1559
1560
1560
1561
1561
1563
1564
1565
1566
1569
1569
1570
1571
1571
1572
1572
1574
1575
1575
1576
1577
1577
1578
1579
1580
1580
1581
1581
1582
1582
1584
1585
1585
1585
1585
1586
1586
1588
1588
1588
1589
1590
1590
1590
1591
1592
1592
1593
1594
1594
1595
1595
1596
1597
1597
1597
1597
1598
1598
1600
1601
1603
1603
1605
1606
1606
1606
1607
1607
1608
1609
1609
1611
1611
1611
1611
1614
1614
1615
1615
1616
1616
1618
1619
1620
1622
1623
1623
1624
1626
1627
1628
1630
1632
1633
1633
1634
1635
1636
1638
1640
1641
1641
1643
1644
1644
1645
1646
1646
1647
1647
1648
1650
1650
1650
1654
1657
1657
1657
1658
1660
1660
1661
1662
1663
1665
1665
1665
1665
1666
1666
1666
1666
1667
1667
1667
1667
1668
1670
1670
1671
1671
1679
1679
1679
1680
1681
1683
1683
1684
1684
1685
1685
1685
1685
1685
1686
1686
1687
1687
1687
1687
1688
1689
1690
1691
1691
1692
1692
1693
1693
1694
1696
1697
1699
1700
1700
1701
1702
1703
1703
1704
1704
1704
1704
1705
1705
1707
1708
1708
1709
1712
1712
1712
1713
1714
1714
1715
1718
1718
1720
1720
1721
1721
1721
1722
1725
1726
1727
1729
1730
1730
1730
1730
1730
1731
1731
1731
1732
1732
1733
1734
1734
1734
1735
1735
1736
1737
1738
1738
1738
1739
1739
1740
1741
1744
1746
1746
1746
1747
1748
1750
1751
1751
1753
1754
1754
1754
1754
1755
1756
1756
1757
1758
1758
1761
1764
1764
1764
1766
1766
1768
1768
1769
1769
1769
1770
1770
1771
1772
1773
1775
1775
1776
1777
1778
1779
1779
1780
1780
1781
1782
1782
1783
1784
1784
1785
1786
1786
1786
1787
1789
1789
1789
1793
1793
1794
1795
1796
1796
1797
1797
1797
1800
1801
1801
1802
1803
1804
1806
1806
1807
1808
1809
1809
1809
1810
1811
1813
1814
1814
1815
1815
1816
1818
1818
1818
1820
1822
1824
1824
1825
1825
1825
1826
1828
1830
1830
1831
1832
1832
1833
1833
1834
1834
1834
1835
1839
1839
1839
1840
1841
1842
1843
1845
1846
1846
1847
1848
1848
1849
1849
1850
1850
1850
1850
1851
1851
1852
1852
1853
1854
1856
1856
1856
1857
1858
1858
1859
1860
1860
1861
1861
1863
1863
1865
1866
1868
1870
1870
1871
1871
1874
1874
1876
1876
1877
1877
1878
1879
1880
1880
1880
1881
1883
1884
1885
1887
1889
1889
1891
1892
1893
1895
1895
1895
1895
1898
1899
1899
1900
1900
1900
1901
1901
1902
1902
1902
1904
1904
1905
1905
1906
1908
1913
1913
1913
1913
1913
1915
1915
1915
1917
1917
1917
1918
1918
1919
1919
1919
1925
1926
1927
1928
1931
1933
1938
1940
1940
1940
1940
1940
1945
1945
1947
1948
1948
1948
1951
1951
1953
1953
1954
1954
1955
1955
1955
1956
1957
1959
1959
1963
1963
1964
1965
1965
1966
1967
1968
1969
1969
1970
1970
1970
1971
1972
1973
1974
1974
1975
1975
1976
1977
1980
1980
1981
1982
1982
1985
1987
1989
1991
1991
1991
1992
1993
1994
1994
1995
1996
1996
1996
1998
1998
1998
1999
1999
2004
2004
2004
2005
2005
2006
2006
2006
2006
2007
2008
2008
2009
2011
2012
2016
2017
2019
2020
2020
2021
2022
2022
2023
2024
2024
2024
2025
2026
2026
2028
2029
2029
2029
2030
2032
2033
2035
2037
2037
2037
2039
2039
2040
2041
2042
2042
2043
2043
2043
2044
2044
2046
2048
2048
2050
2051
2052
2053
2053
2053
2053
2054
2056
2058
2059
2060
2060
2061
2061
2063
2063
2064
2065
2066
2067
2068
2069
2070
2070
2071
2073
2074
2075
2077
2077
2078
2078
2079
2080
2080
2081
2082
2083
2084
2084
2085
2086
2088
2089
2090
2091
2091
2092
2093
2095
2095
2096
2096
2096
2096
2098
2099
2103
2104
2104
2106
2106
2107
2108
2108
2109
2109
2110
2112
2114
2114
2117
2117
2117
2120
2120
2120
2121
2123
2126
2126
2126
2128
2129
2129
2131
2131
2134
2134
2136
2137
2138
2138
2138
2138
2139
2140
2140
2140
2141
2141
2141
2142
2143
2143
2144
2146
2148
2148
2149
2149
2149
2150
2150
2151
2152
2153
2153
2154
2155
2156
2156
2156
2157
2158
2158
2161
2161
2161
2163
2166
2169
2171
2171
2172
2172
2173
2173
2174
2175
2175
2175
2175
2178
2178
2182
2182
2182
2183
2183
2187
2189
2190
2190
2191
2193
2194
2196
2196
2196
2196
2197
2197
2198
2200
2202
2204
2204
2206
2208
2208
2209
2209
2210
2210
2210
2210
2211
2211
2212
2212
2212
2213
2213
2214
2214
2217
2217
2218
2220
2221
2222
2222
2222
2222
2222
2224
2224
2224
2224
2226
2228
2228
2229
2229
2230
2230
2232
2233
2234
2235
2236
2236
2237
2237
2238
2239
2239
2240
2240
2240
2240
2242
2242
2242
2242
2243
2244
2247
2247
2248
2250
2251
2253
2253
2254
2255
2256
2257
2257
2258
2258
2263
2263
2264
2265
2266
2266
2267
2267
2268
2269
2272
2274
2274
2275
2275
2275
2276
2276
2277
2278
2279
2280
2280
2282
2282
2283
2284
2286
2288
2288
2288
2288
2289
2289
2289
2289
2290
2290
2291
2291
2292
2293
2293
2294
2294
2295
2297
2299
2299
2300
2300
2300
2302
2306
2306
2307
2308
2309
2309
2309
2309
2309
2310
2311
2311
2312
2313
2315
2316
2318
2318
2318
2320
2321
2322
2322
2325
2327
2327
2328
2328
2329
2329
2330
2332
2336
2336
2340
2342
2342
2342
2345
2345
2345
2346
2347
2347
2348
2349
2349
2349
2350
2350
2351
2352
2353
2353
2355
2355
2355
2357
2358
2358
2359
2359
2360
2361
2361
2361
2363
2363
2365
2367
2368
2369
2370
2370
2371
2371
2372
2372
2373
2375
2377
2377
2377
2378
2378
2379
2380
2380
2381
2381
2382
2382
2383
2384
2386
2387
2387
2387
2388
2391
2392
2393
2393
2394
2395
2396
2397
2398
2400
2401
2401
2402
2402
2403
2403
2403
2406
2406
2407
2407
2407
2408
2408
2409
2409
2410
2410
2410
2410
2411
2412
2413
2413
2414
2414
2415
2415
2416
2417
2417
2417
2418
2418
2420
2420
2421
2422
2422
2423
2425
2426
2427
2427
2427
2428
2428
2428
2429
2429
2430
2431
2432
2432
2433
2433
2434
2435
2439
2440
2441
2442
2444
2446
2448
2448
2449
2449
2450
2452
2453
2454
2454
2454
2456
2456
2457
2458
2458
2458
2459
2461
2461
2461
2462
2462
2464
2465
2468
2468
2469
2470
2470
2471
2472
2472
2472
2475
2476
2477
2477
2479
2480
2481
2481
2483
2483
2484
2484
2485
2485
2486
2487
2488
2489
2491
2492
2493
2494
2495
2496
2496
2498
2500
2500
2501
2503
2503
2505
2506
2507
2508
2509
2509
2509
2510
2510
2511
2514
2515
2516
2519
2521
2522
2523
2524
2524
2526
2526
2527
2528
2528
2529
2530
2531
2532
2532
2532
2532
2534
2534
2534
2535
2535
2535
2535
2535
2537
2539
2541
2542
2544
2544
2544
2545
2546
2547
2547
2551
2551
2551
2552
2553
2554
2554
2555
2557
2557
2557
2559
2560
2560
2561
2561
2562
2563
2563
2563
2565
2565
2566
2566
2566
2567
2567
2568
2568
2568
2569
2569
2569
2570
2571
2572
2573
2573
2575
2575
2576
2576
2576
2578
2579
2579
2579
2579
2580
2581
2582
2582
2583
2583
2584
2585
2586
2587
2587
2589
2589
2590
2590
2591
2593
2594
2594
2595
2596
2597
2597
2597
2599
2599
2599
2599
2600
2601
2602
2604
2604
2606
2608
2608
2609
2609
2610
2610
2615
2615
2616
2617
2617
2618
2620
2620
2620
2621
2622
2624
2625
2626
2626
2627
2629
2631
2632
2633
2633
2633
2634
2636
2636
2636
2636
2637
2637
2637
2639
2639
2639
2640
2641
2642
2644
2644
2646
2648
2648
2650
2650
2654
2655
2657
2658
2658
2658
2658
2658
2662
2663
2663
2663
2664
2665
2666
2667
2668
2668
2669
2670
2670
2670
2670
2670
2670
2671
2671
2672
2672
2675
2675
2676
2676
2678
2679
2679
2680
2681
2682
2683
2684
2685
2686
2686
2687
2688
2690
2690
2692
2693
2695
2697
2698
2700
2701
2701
2702
2702
2704
2704
2705
2705
2706
2707
2707
2708
2709
2709
2710
2710
2711
2711
2712
2712
2712
2713
2713
2713
2713
2715
2716
2716
2716
2716
2717
2718
2718
2718
2719
2720
2720
2720
2720
2722
2723
2723
2724
2725
2726
2726
2727
2728
2729
2731
2731
2733
2733
2734
2734
2735
2735
2735
2735
2737
2737
2737
2737
2737
2738
2738
2738
2739
2739
2740
2741
2743
2744
2744
2745
2745
2746
2746
2748
2748
2749
2750
2750
2751
2751
2751
2753
2754
2754
2755
2755
2757
2757
2758
2759
2759
2760
2762
2762
2763
2763
2764
2765
2766
2767
2767
2768
2769
2772
2773
2774
2777
2779
2779
2779
2780
2780
2781
2781
2782
2782
2782
2785
2785
2786
2786
2786
2787
2787
2788
2789
2789
2790
2791
2792
2792
2793
2795
2795
2799
2800
2800
2801
2801
2801
2801
2801
2802
2803
2804
2805
2805
2808
2808
2810
2812
2815
2815
2817
2818
2818
2819
2821
2822
2824
2824
2825
2827
2828
2829
2831
2833
2833
2833
2833
2833
2834
2834
2835
2835
2835
2839
2840
2841
2842
2844
2844
2845
2846
2846
2849
2850
2850
2851
2852
2856
2856
2857
2858
2858
2858
2860
2860
2865
2865
2866
2867
2867
2869
2869
2871
2872
2873
2873
2875
2875
2877
2877
2878
2879
2882
2885
2887
2887
2889
2889
2889
2890
2892
2892
2892
2892
2892
2894
2894
2894
2895
2895
2896
2896
2897
2898
2900
2901
2902
2903
2903
2905
2907
2910
2911
2913
2913
2914
2915
2919
2920
2923
2925
2926
2928
2928
2930
2931
2932
2934
2934
2934
2934
2935
2935
2937
2938
2941
2942
2942
2943
2944
2945
2945
2949
2949
2949
2950
2951
2953
2953
2955
2957
2957
2958
2959
2960
2961
2963
2965
2965
2967
2969
2970
2970
2972
2973
2973
2973
2974
2974
2974
2975
2976
2980
2980
2980
2983
2984
2984
2987
2989
2990
2990
2991
2992
2993
2994
2995
2997
2998
2999
3000
3000
3001
3003
3003
3004
3005
3005
3005
3005
3006
3007
3010
3015
3015
3015
3016
3017
3017
3017
3021
3021
3022
3022
3023
3024
3024
3028
3028
3029
3029
3029
3030
3038
3040
3041
3043
3045
3046
3047
3052
3052
3052
3053
3054
3054
3056
3057
3058
3062
3062
3064
3065
3065
3065
3065
3066
3066
3069
3073
3075
3075
3076
3076
3077
3078
3081
3082
3082
3084
3084
3085
3085
3086
3086
3087
3087
3087
3088
3088
3088
3088
3089
3089
3090
3090
3090
3092
3092
3093
3094
3095
3097
3099
3099
3100
3102
3102
3102
3103
3106
3107
3107
3107
3108
3109
3110
3112
3112
3113
3113
3113
3113
3115
3115
3116
3118
3118
3119
3121
3122
3123
3124
3125
3125
3126
3127
3128
3128
3129
3130
3131
3132
3132
3132
3133
3133
3136
3140
3141
3142
3143
3144
3146
3147
3149
3149
3149
3150
3151
3151
3152
3155
3156
3157
3157
3157
3158
3159
3159
3163
3163
3164
3168
3169
3170
3171
3172
3174
3174
3174
3175
3177
3178
3179
3182
3182
3183
3183
3188
3189
3191
3191
3193
3193
3194
3196
3197
3198
3198
3198
3198
3199
3200
3200
3202
3203
3203
3204
3206
3207
3207
3208
3208
3210
3215
3215
3215
3216
3217
3217
3220
3220
3221
3222
3223
3224
3226
3229
3231
3231
3233
3234
3235
3235
3235
3238
3239
3239
3243
3244
3244
3245
3246
3249
3251
3252
3253
3256
3256
3256
3258
3258
3260
3261
3263
3264
3265
3267
3270
3271
3272
3272
3276
3279
3279
3280
3281
3281
3281
3283
3288
3294
3294
3294
3295
3297
3298
3299
3301
3303
3305
3305
3306
3306
3306
3310
3311
3312
3312
3313
3315
3315
3315
3316
3316
3317
3317
3319
3321
3322
3322
3323
3326
3326
3327
3332
3332
3333
3333
3334
3335
3336
3338
3339
3339
3340
3340
3341
3342
3343
3343
3344
3347
3347
3348
3348
3349
3351
3351
3354
3357
3358
3358
3359
3360
3361
3361
3367
3367
3367
3370
3371
3371
3372
3372
3374
3374
3375
3376
3379
3381
3381
3388
3389
3389
3389
3389
3390
3390
3391
3391
3392
3394
3395
3395
3397
3397
3397
3397
3398
3398
3402
3404
3406
3409
3409
3411
3413
3414
3414
3415
3416
3418
3423
3423
3424
3424
3425
3427
3427
3427
3428
3428
3430
3432
3432
3433
3434
3435
3436
3436
3437
3438
3438
3438
3439
3439
3440
3441
3441
3442
3444
3444
3445
3446
3446
3448
3448
3453
3454
3455
3456
3458
3458
3459
3459
3459
3460
3461
3462
3462
3464
3464
3464
3465
3465
3465
3466
3467
3469
3469
3472
3473
3474
3475
3477
3477
3478
3481
3486
3486
3487
3487
3487
3490
3490
3491
3492
3492
3494
3494
3495
3495
3496
3497
3498
3502
3502
3504
3504
3506
3506
3507
3508
3509
3509
3510
3510
3511
3511
3511
3512
3514
3514
3514
3515
3516
3516
3517
3519
3520
3520
3521
3522
3524
3525
3525
3527
3528
3528
3528
3529
3529
3533
3539
3539
3540
3542
3543
3545
3545
3547
3549
3553
3555
3558
3559
3560
3561
3562
3564
3565
3566
3567
3568
3568
3568
3569
3569
3570
3570
3572
3572
3575
3576
3576
3578
3578
3579
3579
3579
3580
3580
3581
3582
3584
3584
3585
3586
3590
3590
3592
3592
3594
3595
3595
3597
3599
3604
3604
3605
3605
3607
3607
3608
3608
3609
3609
3609
3611
3611
3613
3614
3614
3616
3617
3618
3618
3618
3620
3621
3626
3626
3627
3630
3631
3632
3633
3635
3635
3636
3637
3638
3638
3640
3641
3641
3642
3642
3643
3645
3645
3645
3647
3647
3648
3650
3651
3652
3654
3655
3655
3656
3658
3659
3659
3659
3660
3662
3664
3664
3665
3668
3669
3669
3669
3670
3670
3670
3671
3672
3673
3675
3675
3676
3677
3679
3681
3681
3686
3687
3688
3688
3689
3689
3691
3691
3693
3694
3696
3697
3699
3699
3701
3702
3702
3704
3704
3705
3707
3708
3708
3709
3709
3711
3711
3712
3712
3715
3719
3720
3721
3722
3723
3725
3726
3728
3729
3730
3730
3733
3733
3734
3736
3736
3737
3737
3741
3741
3742
3743
3748
3750
3751
3752
3753
3754
3756
3756
3758
3759
3759
3760
3763
3764
3764
3764
3765
3768
3768
3768
3768
3769
3770
3771
3771
3776
3776
3777
3780
3780
3781
3783
3785
3785
3786
3786
3787
3788
3788
3790
3794
3794
3796
3796
3797
3797
3799
3800
3800
3803
3804
3804
3808
3809
3809
3809
3810
3810
3810
3811
3811
3812
3812
3812
3813
3815
3816
3816
3817
3817
3819
3819
3825
3827
3827
3828
3829
3831
3832
3832
3832
3833
3834
3834
3835
3835
3836
3837
3839
3839
3839
3841
3841
3841
3842
3842
3842
3846
3846
3852
3853
3853
3853
3856
3857
3857
3857
3857
3858
3859
3860
3860
3861
3862
3863
3863
3864
3865
3865
3866
3867
3868
3868
3868
3869
3869
3869
3871
3873
3873
3874
3874
3875
3876
3876
3876
3881
3882
3882
3882
3884
3885
3887
3889
3893
3894
3894
3896
3901
3901
3901
3902
3904
3906
3907
3909
3911
3911
3912
3913
3913
3915
3917
3918
3918
3919
3920
3923
3923
3924
3926
3927
3927
3929
3932
3933
3936
3937
3937
3938
3939
3942
3943
3943
3943
3944
3945
3945
3945
3948
3948
3949
3949
3950
3950
3953
3954
3958
3959
3959
3959
3960
3960
3961
3963
3967
3968
3969
3970
3971
3972
3972
3972
3973
3974
3975
3975
3975
3980
3981
3983
3984
3987
3988
3990
3991
3992
3994
3994
3996
3996
3997
4000
4001
4002
4003
4004
4004
4005
4006
4007
4007
4008
4008
4011
4016
4018
4019
4023
4024
4024
4026
4028
4029
4030
4031
4031
4031
4032
4034
4035
4037
4037
4037
4048
4052
4054
4054
4055
4055
4056
4057
4057
4057
4058
4059
4061
4061
4062
4063
4064
4064
4066
4067
4068
4069
4070
4070
4070
4073
4076
4076
4077
4078
4078
4078
4078
4078
4079
4082
4083
4084
4085
4086
4089
4089
4090
4090
4094
4094
4094
4095
4096
4096
4097
4097
4098
4100
4101
4102
4103
4104
4105
4106
4106
4107
4107
4109
4109
4112
4113
4114
4121
4122
4122
4123
4127
4128
4129
4130
4131
4131
4132
4132
4136
4139
4140
4141
4143
4145
4145
4147
4149
4149
4149
4150
4151
4151
4151
4153
4154
4154
4156
4159
4159
4162
4163
4164
4166
4166
4167
4167
4168
4169
4169
4169
4170
4171
4171
4171
4174
4175
4175
4176
4177
4179
4180
4181
4183
4183
4185
4186
4186
4187
4187
4188
4191
4192
4196
4197
4197
4198
4201
4202
4202
4204
4206
4209
4211
4216
4217
4218
4218
4219
4219
4221
4222
4222
4222
4224
4224
4225
4227
4228
4229
4231
4231
4232
4232
4233
4235
4235
4238
4238
4239
4243
4248
4249
4249
4250
4250
4251
4252
4253
4253
4254
4255
4258
4260
4260
4262
4266
4266
4268
4269
4269
4272
4272
4274
4274
4279
4280
4280
4281
4282
4282
4284
4284
4285
4285
4288
4290
4290
4291
4291
4291
4292
4296
4297
4299
4299
4303
4305
4307
4307
4309
4309
4310
4310
4312
4312
4313
4314
4314
4317
4319
4323
4323
4323
4326
4328
4328
4332
4333
4333
4334
4334
4336
4336
4337
4338
4339
4340
4342
4342
4343
4345
4348
4348
4349
4350
4350
4350
4351
4351
4352
4352
4352
4353
4353
4355
4355
4355
4356
4356
4358
4358
4359
4360
4360
4362
4363
4363
4364
4368
4371
4374
4375
4376
4377
4377
4377
4378
4378
4379
4381
4382
4384
4385
4386
4388
4389
4390
4390
4391
4391
4393
4393
4394
4396
4396
4400
4402
4402
4403
4405
4405
4406
4406
4408
4409
4410
4410
4411
4412
4412
4412
4413
4414
4414
4415
4415
4417
4417
4418
4424
4424
4424
4425
4425
4429
4431
4431
4432
4433
4433
4434
4434
4436
4437
4437
4437
4439
4439
4441
4442
4442
4443
4444
4445
4446
4447
4447
4449
4450
4452
4454
4455
4457
4457
4458
4458
4459
4461
4461
4462
4463
4464
4465
4466
4468
4470
4471
4472
4473
4474
4475
4478
4479
4479
4481
4482
4482
4483
4484
4486
4487
4488
4488
4488
4491
4493
4494
4495
4495
4495
4499
4501
4502
4502
4503
4503
4503
4505
4507
4507
4507
4510
4511
4513
4513
4518
4521
4521
4523
4524
4524
4525
4527
4528
4528
4528
4530
4530
4532
4532
4532
4536
4536
4536
4537
4538
4538
4538
4539
4544
4544
4546
4548
4551
4552
4552
4552
4553
4553
4553
4554
4557
4558
4560
4560
4560
4562
4566
4567
4570
4571
4572
4574
4575
4577
4577
4580
4581
4581
4582
4584
4584
4584
4585
4587
4587
4589
4591
4591
4591
4593
4593
4595
4597
4598
4599
4600
4602
4603
4603
4605
4606
4608
4609
4610
4610
4610
4610
4612
4612
4612
4612
4613
4613
4616
4616
4620
4623
4626
4628
4630
4632
4634
4635
4636
4637
4639
4641
4641
4643
4643
4644
4646
4647
4649
4649
4649
4651
4652
4652
4654
4654
4657
4658
4659
4661
4661
4664
4665
4667
4668
4668
4669
4670
4670
4671
4671
4672
4673
4673
4674
4676
4678
4678
4680
4680
4680
4681
4681
4684
4684
4687
4689
4689
4690
4690
4692
4693
4693
4693
4694
4695
4697
4698
4700
4700
4701
4702
4702
4706
4706
4707
4708
4709
4711
4713
4713
4714
4714
4714
4714
4716
4718
4719
4719
4719
4722
4722
4722
4722
4723
4723
4724
4724
4728
4729
4729
4729
4730
4733
4734
4734
4736
4738
4739
4740
4741
4745
4751
4753
4753
4754
4756
4756
4757
4758
4759
4759
4759
4759
4761
4761
4762
4763
4764
4766
4767
4769
4770
4774
4775
4776
4776
4778
4779
4781
4781
4782
4782
4784
4786
4787
4791
4791
4794
4795
4795
4795
4796
4797
4797
4798
4798
4799
4800
4801
4801
4803
4803
4805
4805
4807
4807
4808
4808
4808
4809
4810
4811
4812
4813
4813
4813
4815
4816
4816
4816
4817
4818
4820
4821
4822
4826
4827
4828
4831
4832
4833
4836
4837
4839
4840
4841
4841
4842
4844
4844
4844
4844
4844
4847
4848
4850
4856
4858
4858
4859
4861
4864
4866
4867
4867
4869
4870
4874
4877
4878
4878
4878
4879
4883
4884
4884
4885
4886
4886
4887
4888
4888
4889
4891
4891
4891
4893
4893
4894
4895
4895
4895
4895
4896
4898
4899
4900
4901
4902
4902
4904
4905
4906
4907
4907
4909
4910
4911
4912
4913
4914
4914
4915
4916
4917
4920
4922
4922
4925
4925
4926
4926
4927
4927
4928
4928
4931
4933
4933
4933
4937
4938
4939
4941
4942
4942
4944
4944
4946
4947
4947
4948
4951
4954
4954
4955
4956
4960
4960
4961
4963
4963
4964
4969
4970
4972
4973
4974
4974
4976
4978
4979
4985
4989
4990
4990
4991
4999
5000
5000
5001
5005
5005
5006
5007
5007
5007
5008
5008
5008
5009
5012
5013
5014
5014
5015
5015
5016
5016
5016
5017
5018
5018
5020
5020
5021
5022
5023
5024
5025
5026
5026
5028
5031
5031
5032
5032
5033
5033
5034
5035
5035
5036
5036
5041
5041
5045
5046
5046
5046
5046
5047
5048
5048
5048
5049
5051
5051
5052
5052
5054
5055
5056
5057
5057
5061
5061
5062
5062
5063
5063
5064
5068
5068
5070
5070
5070
5071
5071
5073
5074
5075
5075
5076
5077
5079
5080
5081
5081
5081
5081
5082
5084
5086
5086
5087
5089
5094
5095
5096
5096
5098
5098
5099
5100
5101
5101
5102
5102
5102
5105
5106
5110
5110
5110
5113
5113
5114
5114
5114
5116
5125
5127
5127
5127
5130
5130
5131
5132
5134
5136
5136
5136
5137
5137
5138
5139
5140
5142
5143
5144
5146
5146
5147
5147
5148
5153
5154
5154
5156
5156
5157
5158
5160
5160
5161
5161
5162
5163
5168
5171
5173
5173
5175
5175
5176
5176
5176
5176
5179
5179
5179
5179
5180
5180
5181
5181
5182
5183
5185
5188
5188
5188
5189
5190
5191
5191
5192
5193
5195
5195
5200
5205
5206
5208
5209
5211
5214
5214
5217
5218
5220
5220
5221
5222
5225
5225
5226
5233
5236
5237
5237
5237
5237
5237
5238
5242
5243
5244
5245
5251
5251
5251
5253
5254
5254
5255
5258
5258
5260
5262
5263
5263
5264
5265
5267
5269
5271
5271
5274
5274
5274
5276
5277
5278
5279
5281
5282
5285
5285
5286
5287
5289
5291
5293
5295
5295
5296
5297
5297
5298
5299
5300
5300
5300
5303
5305
5305
5305
5308
5308
5309
5310
5310
5310
5312
5312
5314
5315
5315
5316
5316
5320
5323
5324
5325
5326
5327
5328
5328
5329
5330
5330
5330
5332
5332
5333
5334
5334
5335
5336
5338
5339
5339
5339
5340
5340
5341
5341
5342
5344
5345
5345
5347
5348
5349
5349
5350
5350
5351
5352
5356
5357
5357
5357
5357
5359
5360
5361
5362
5362
5363
5363
5364
5364
5365
5366
5367
5369
5370
5371
5372
5373
5376
5377
5377
5379
5380
5380
5381
5384
5384
5389
5389
5389
5391
5391
5392
5392
5393
5393
5393
5393
5394
5395
5395
5396
5397
5398
5399
5400
5400
5400
5400
5401
5403
5403
5404
5405
5406
5406
5407
5409
5409
5410
5412
5413
5413
5414
5415
5417
5417
5418
5420
5422
5423
5423
5425
5426
5426
5427
5427
5431
5432
5433
5435
5435
5435
5436
5437
5439
5440
5441
5441
5442
5443
5445
5446
5447
5447
5448
5451
5454
5454
5455
5457
5458
5461
5462
5463
5463
5465
5466
5466
5466
5466
5467
5468
5468
5469
5469
5470
5470
5470
5472
5473
5474
5474
5475
5475
5477
5478
5478
5481
5482
5482
5484
5484
5484
5484
5488
5488
5488
5490
5490
5490
5491
5491
5492
5496
5498
5499
5499
5499
5500
5501
5502
5503
5503
5503
5504
5504
5505
5506
5507
5508
5508
5508
5509
5511
5512
5512
5513
5514
5514
5514
5515
5518
5518
5520
5520
5521
5523
5524
5527
5527
5527
5528
5528
5531
5531
5531
5534
5537
5538
5539
5540
5544
5545
5546
5546
5549
5549
5551
5552
5553
5555
5556
5556
5557
5558
5561
5562
5563
5563
5564
5564
5565
5565
5566
5572
5572
5572
5573
5573
5575
5575
5578
5581
5581
5582
5582
5584
5584
5587
5588
5588
5589
5589
5589
5590
5594
5596
5598
5600
5601
5602
5603
5603
5603
5605
5606
5606
5607
5608
5609
5609
5609
5611
5612
5612
5613
5615
5616
5616
5617
5617
5618
5618
5619
5620
5620
5621
5622
5622
5624
5628
5632
5632
5632
5633
5634
5634
5638
5639
5639
5643
5643
5644
5644
5645
5645
5645
5646
5650
5651
5653
5654
5654
5655
5656
5656
5656
5657
5658
5659
5661
5662
5663
5663
5665
5666
5669
5671
5671
5672
5673
5673
5674
5674
5675
5676
5677
5677
5677
5678
5678
5678
5678
5680
5680
5681
5682
5682
5683
5683
5683
5684
5684
5686
5687
5689
5689
5690
5692
5692
5692
5692
5694
5694
5694
5694
5696
5696
5696
5697
5698
5698
5700
5701
5702
5705
5706
5707
5708
5708
5709
5712
5712
5712
5714
5714
5716
5717
5720
5722
5724
5725
5725
5727
5727
5728
5729
5729
5730
5732
5732
5733
5734
5734
5736
5736
5737
5738
5738
5739
5741
5744
5746
5748
5749
5749
5750
5751
5753
5756
5757
5757
5757
5758
5759
5759
5760
5760
5760
5760
5764
5764
5764
5765
5766
5766
5766
5766
5766
5767
5768
5768
5770
5770
5771
5773
5773
5777
5780
5780
5781
5781
5781
5786
5786
5787
5787
5790
5793
5793
5794
5794
5795
5795
5797
5797
5797
5798
5798
5799
5801
5803
5803
5804
5805
5805
5805
5808
5810
5812
5815
5816
5817
5817
5819
5820
5820
5821
5822
5822
5823
5824
5829
5830
5831
5831
5832
5832
5834
5836
5837
5840
5843
5843
5843
5844
5845
5845
5848
5849
5850
5851
5853
5854
5854
5854
5855
5855
5856
5856
5857
5857
5858
5858
5858
5859
5860
5862
5862
5862
5862
5863
5866
5867
5868
5869
5870
5870
5870
5870
5873
5874
5874
5875
5877
5879
5881
5881
5883
5883
5884
5886
5888
5889
5889
5890
5890
5891
5893
5894
5894
5895
5895
5896
5896
5897
5897
5898
5898
5899
5899
5900
5901
5901
5903
5906
5906
5907
5911
5911
5912
5915
5915
5918
5919
5920
5921
5921
5922
5923
5926
5927
5927
5928
5929
5929
5930
5930
5930
5931
5933
5934
5937
5937
5938
5939
5939
5939
5940
5941
5942
5942
5942
5943
5944
5944
5945
5945
5947
5948
5949
5950
5952
5952
5952
5953
5954
5954
5956
5957
5958
5959
5961
5961
5967
5970
5972
5973
5973
5974
5974
5976
5980
5980
5981
5983
5984
5987
5988
5988
5989
5990
5991
5996
5997
5997
6001
6001
6003
6004
6006
6007
6007
6008
6008
6009
6010
6011
6013
6014
6014
6015
6016
6017
6017
6017
6018
6019
6019
6020
6021
6021
6022
6022
6023
6023
6024
6024
6025
6026
6027
6027
6028
6028
6029
6034
6034
6035
6035
6038
6041
6042
6044
6045
6046
6047
6047
6050
6050
6054
6054
6055
6055
6056
6060
6060
6060
6061
6061
6061
6065
6065
6066
6069
6070
6071
6071
6072
6073
6073
6074
6074
6074
6076
6076
6077
6077
6078
6078
6078
6079
6082
6084
6084
6090
6095
6097
6098
6099
6100
6100
6100
6100
6100
6101
6102
6106
6107
6108
6108
6110
6111
6112
6115
6117
6117
6118
6120
6121
6122
6125
6125
6126
6126
6126
6126
6131
6132
6133
6133
6133
6135
6135
6135
6135
6135
6137
6137
6141
6145
6145
6146
6147
6147
6153
6154
6155
6155
6158
6158
6158
6159
6159
6166
6166
6167
6172
6174
6177
6179
6179
6182
6182
6183
6183
6183
6184
6185
6185
6185
6186
6189
6189
6190
6190
6193
6197
6197
6200
6200
6201
6204
6205
6206
6208
6209
6210
6210
6211
6211
6215
6215
6216
6216
6217
6218
6219
6219
6219
6219
6220
6221
6221
6222
6223
6223
6224
6226
6226
6226
6228
6228
6229
6231
6231
6231
6233
6233
6237
6238
6238
6239
6240
6240
6241
6241
6242
6242
6242
6243
6243
6244
6244
6245
6246
6246
6247
6247
6248
6251
6253
6260
6260
6260
6263
6263
6264
6265
6265
6267
6267
6269
6269
6273
6276
6280
6281
6283
6283
6283
6285
6285
6289
6291
6291
6292
6293
6294
6294
6295
6295
6297
6297
6299
6299
6300
6300
6301
6301
6302
6302
6304
6304
6305
6305
6308
6308
6309
6309
6312
6314
6314
6315
6316
6318
6319
6319
6320
6323
6326
6327
6327
6327
6328
6330
6330
6330
6331
6331
6331
6331
6332
6332
6333
6333
6334
6335
6336
6336
6337
6343
6346
6350
6351
6351
6352
6352
6354
6355
6355
6356
6357
6358
6358
6359
6359
6361
6361
6361
6361
6361
6362
6363
6364
6368
6368
6369
6369
6370
6370
6370
6371
6373
6373
6374
6374
6374
6374
6377
6377
6379
6381
6382
6383
6384
6384
6386
6386
6386
6387
6387
6388
6390
6393
6395
6395
6395
6397
6397
6397
6399
6401
6404
6406
6409
6410
6411
6413
6414
6414
6414
6415
6417
6423
6424
6427
6427
6429
6429
6430
6431
6431
6431
6432
6432
6432
6434
6434
6434
6435
6437
6439
6440
6442
6444
6444
6446
6449
6449
6451
6452
6454
6456
6457
6457
6460
6468
6468
6469
6470
6470
6471
6473
6474
6474
6475
6475
6476
6479
6480
6480
6480
6481
6481
6484
6485
6485
6485
6485
6486
6486
6489
6490
6491
6491
6493
6493
6493
6494
6496
6497
6500
6500
6502
6506
6507
6507
6508
6510
6511
6511
6513
6514
6514
6516
6516
6516
6517
6517
6520
6521
6521
6523
6523
6523
6524
6525
6528
6529
6531
6534
6534
6534
6538
6539
6539
6540
6540
6540
6540
6541
6542
6543
6543
6544
6544
6546
6548
6549
6550
6552
6554
6554
6555
6556
6558
6559
6562
6562
6563
6564
6564
6565
6565
6572
6574
6574
6575
6577
6578
6578
6580
6580
6581
6582
6582
6587
6590
6594
6594
6599
6599
6600
6601
6601
6603
6606
6606
6607
6607
6609
6611
6612
6613
6613
6614
6614
6615
6615
6616
6619
6619
6621
6622
6622
6624
6625
6625
6625
6627
6628
6628
6628
6629
6629
6630
6630
6632
6632
6633
6633
6635
6636
6636
6637
6637
6638
6639
6641
6644
6644
6645
6645
6647
6647
6649
6650
6653
6654
6657
6657
6658
6658
6659
6659
6660
6660
6662
6662
6663
6663
6664
6665
6665
6666
6666
6667
6667
6668
6668
6668
6668
6670
6672
6673
6676
6676
6677
6677
6677
6679
6679
6679
6682
6682
6683
6683
6684
6685
6687
6687
6689
6689
6690
6690
6690
6691
6691
6692
6692
6693
6693
6693
6694
6695
6695
6697
6698
6699
6700
6701
6701
6704
6708
6708
6708
6712
6714
6715
6717
6717
6718
6719
6720
6720
6723
6724
6728
6728
6729
6731
6731
6732
6734
6736
6740
6741
6744
6744
6744
6745
6745
6746
6746
6748
6749
6750
6750
6752
6753
6755
6758
6759
6761
6761
6761
6762
6762
6763
6765
6767
6767
6767
6767
6768
6768
6770
6770
6772
6774
6776
6779
6780
6780
6781
6783
6785
6786
6787
6788
6788
6789
6789
6790
6792
6793
6793
6797
6798
6798
6798
6800
6800
6801
6801
6802
6803
6803
6803
6804
6805
6805
6806
6806
6808
6808
6808
6809
6809
6809
6809
6810
6810
6813
6814
6815
6815
6816
6816
6817
6819
6821
6825
6825
6825
6825
6826
6827
6828
6830
6831
6833
6833
6834
6834
6836
6836
6837
6839
6842
6847
6847
6847
6849
6849
6851
6851
6855
6856
6858
6860
6860
6861
6861
6862
6863
6865
6865
6867
6867
6868
6870
6871
6874
6878
6878
6879
6879
6880
6880
6881
6882
6882
6883
6884
6885
6885
6886
6886
6890
6890
6892
6892
6894
6895
6896
6896
6897
6898
6899
6900
6900
6900
6902
6902
6902
6902
6903
6903
6904
6906
6908
6908
6909
6909
6910
6912
6913
6914
6915
6915
6917
6918
6920
6921
6921
6922
6923
6923
6923
6923
6924
6925
6925
6925
6926
6930
6932
6933
6934
6934
6937
6938
6938
6939
6939
6939
6941
6941
6945
6945
6946
6946
6947
6948
6948
6951
6952
6952
6953
6955
6955
6956
6956
6958
6958
6960
6960
6962
6965
6965
6965
6966
6967
6968
6969
6972
6972
6973
6978
6978
6979
6981
6982
6983
6983
6985
6986
6990
6993
6993
6994
6995
6996
6997
6999
7000
7002
7002
7003
7004
7004
7004
7005
7006
7006
7006
7007
7008
7010
7010
7012
7012
7013
7015
7016
7016
7017
7018
7018
7019
7020
7020
7022
7022
7023
7025
7027
7027
7028
7028
7029
7030
7030
7032
7033
7034
7034
7034
7034
7034
7035
7036
7036
7036
7037
7037
7038
7042
7042
7042
7043
7043
7044
7046
7046
7047
7051
7055
7055
7059
7059
7062
7062
7062
7062
7063
7064
7066
7067
7067
7070
7070
7071
7075
7077
7077
7077
7081
7082
7083
7086
7091
7092
7092
7094
7094
7096
7096
7097
7097
7097
7098
7103
7103
7104
7109
7109
7110
7111
7111
7111
7114
7115
7117
7117
7117
7118
7119
7119
7124
7127
7128
7128
7129
7131
7133
7133
7134
7135
7135
7137
7138
7138
7139
7139
7142
7142
7143
7144
7145
7145
7146
7147
7148
7151
7151
7152
7153
7154
7156
7156
7157
7160
7160
7161
7163
7163
7164
7165
7168
7168
7168
7169
7169
7172
7177
7178
7180
7180
7181
7183
7187
7189
7191
7191
7192
7193
7193
7194
7198
7198
7199
7199
7200
7203
7203
7203
7204
7204
7204
7206
7207
7209
7209
7210
7211
7213
7215
7215
7216
7217
7218
7218
7219
7219
7219
7220
7220
7221
7221
7222
7224
7230
7233
7233
7234
7234
7235
7235
7236
7236
7237
7238
7238
7239
7241
7242
7243
7243
7244
7244
7245
7246
7247
7250
7252
7252
7253
7253
7254
7261
7261
7262
7262
7266
7267
7268
7269
7270
7271
7272
7277
7277
7277
7278
7278
7280
7282
7282
7282
7283
7283
7284
7285
7285
7285
7286
7286
7287
7288
7288
7289
7290
7292
7292
7295
7295
7295
7295
7296
7296
7296
7299
7300
7302
7303
7305
7305
7306
7307
7308
7308
7310
7312
7313
7316
7321
7321
7322
7323
7325
7326
7326
7326
7326
7327
7328
7332
7333
7334
7335
7335
7337
7337
7338
7338
7338
7339
7340
7343
7344
7345
7346
7348
7348
7349
7351
7351
7353
7356
7357
7357
7359
7359
7360
7364
7364
7366
7366
7366
7368
7370
7372
7372
7374
7374
7374
7378
7380
7380
7382
7384
7384
7384
7385
7385
7386
7388
7389
7390
7390
7392
7392
7394
7397
7398
7400
7401
7401
7406
7406
7407
7407
7408
7409
7409
7410
7411
7411
7411
7412
7412
7413
7413
7414
7414
7415
7417
7417
7418
7421
7423
7423
7424
7424
7426
7428
7430
7430
7432
7434
7436
7436
7438
7439
7441
7441
7445
7446
7447
7447
7448
7448
7448
7450
7450
7452
7455
7455
7456
7456
7457
7458
7458
7460
7460
7461
7463
7464
7464
7466
7466
7466
7469
7469
7470
7473
7473
7473
7474
7474
7475
7477
7477
7478
7479
7480
7481
7481
7481
7482
7483
7483
7484
7485
7489
7490
7491
7492
7494
7495
7495
7495
7496
7496
7496
7497
7499
7500
7501
7502
7503
7503
7503
7504
7504
7505
7506
7506
7506
7506
7510
7511
7511
7511
7512
7517
7518
7519
7520
7521
7521
7523
7525
7525
7526
7526
7527
7527
7527
7529
7530
7530
7530
7532
7532
7532
7533
7534
7535
7535
7535
7536
7536
7536
7537
7537
7541
7541
7542
7542
7543
7544
7544
7546
7546
7549
7552
7554
7554
7557
7557
7557
7558
7558
7561
7562
7563
7564
7566
7569
7572
7572
7576
7577
7581
7582
7586
7587
7587
7588
7591
7592
7593
7593
7595
7595
7596
7598
7598
7598
7599
7601
7602
7603
7606
7607
7608
7608
7609
7609
7609
7610
7613
7613
7613
7613
7615
7617
7619
7620
7621
7627
7627
7628
7628
7632
7634
7634
7634
7635
7637
7637
7640
7641
7642
7644
7646
7647
7647
7648
7649
7649
7650
7652
7655
7658
7659
7659
7660
7661
7661
7667
7667
7668
7668
7670
7670
7672
7673
7673
7673
7674
7675
7676
7677
7678
7679
7680
7680
7682
7682
7683
7684
7686
7689
7690
7690
7694
7694
7696
7697
7698
7698
7700
7702
7703
7703
7704
7704
7706
7707
7707
7708
7708
7711
7711
7713
7716
7717
7717
7717
7721
7721
7722
7723
7724
7724
7724
7726
7730
7731
7731
7734
7734
7736
7740
7741
7741
7743
7743
7743
7744
7746
7746
7746
7748
7748
7748
7749
7750
7750
7750
7751
7752
7753
7753
7754
7756
7756
7759
7760
7762
7764
7766
7766
7768
7772
7772
7773
7773
7774
7776
7777
7778
7779
7779
7780
7780
7781
7781
7782
7783
7783
7785
7786
7789
7789
7790
7790
7791
7794
7794
7798
7798
7798
7800
7800
7800
7802
7802
7805
7807
7808
7808
7809
7809
7810
7812
7814
7815
7815
7815
7815
7817
7819
7820
7821
7821
7823
7824
7824
7824
7825
7825
7825
7826
7826
7826
7827
7828
7829
7829
7830
7830
7830
7831
7832
7833
7834
7835
7843
7843
7844
7845
7846
7846
7848
7849
7852
7852
7852
7854
7854
7854
7855
7856
7858
7858
7858
7859
7860
7860
7860
7860
7862
7863
7864
7866
7868
7869
7869
7872
7873
7874
7876
7877
7879
7880
7881
7881
7883
7883
7884
7885
7886
7887
7887
7889
7890
7891
7893
7896
7897
7897
7897
7898
7901
7902
7902
7902
7905
7905
7905
7908
7909
7909
7909
7910
7910
7912
7912
7912
7912
7912
7913
7914
7914
7916
7916
7917
7917
7917
7919
7920
7920
7921
7925
7927
7927
7931
7934
7935
7935
7940
7940
7941
7943
7943
7946
7948
7949
7950
7950
7951
7952
7952
7954
7954
7955
7956
7957
7957
7958
7960
7960
7961
7961
7961
7964
7966
7967
7967
7968
7972
7973
7973
7977
7977
7977
7977
7978
7982
7984
7986
7991
7993
7993
7993
7995
7996
7996
7997
7999
7999
8001
8002
8002
8003
8003
8004
8005
8007
8007
8007
8008
8009
8011
8011
8011
8012
8013
8014
8015
8015
8016
8018
8019
8019
8019
8020
8020
8024
8024
8025
8025
8026
8026
8031
8031
8032
8033
8034
8036
8038
8040
8042
8044
8045
8046
8047
8048
8048
8051
8053
8054
8055
8055
8056
8058
8058
8060
8061
8063
8064
8064
8065
8068
8068
8070
8072
8073
8076
8077
8079
8080
8080
8082
8084
8084
8084
8088
8089
8089
8090
8092
8092
8093
8096
8096
8096
8098
8101
8103
8104
8105
8106
8108
8108
8110
8112
8113
8113
8113
8114
8114
8117
8120
8120
8123
8123
8123
8123
8123
8125
8125
8126
8131
8134
8136
8136
8138
8139
8140
8141
8141
8142
8143
8147
8148
8149
8150
8150
8151
8151
8151
8152
8152
8153
8153
8155
8155
8156
8156
8159
8159
8160
8163
8163
8164
8167
8168
8170
8176
8177
8178
8179
8179
8179
8181
8182
8182
8182
8182
8183
8185
8185
8185
8187
8188
8189
8190
8193
8193
8195
8196
8197
8198
8200
8200
8203
8204
8205
8206
8206
8207
8208
8208
8209
8210
8211
8216
8218
8218
8219
8222
8223
8224
8226
8228
8231
8231
8231
8232
8233
8235
8236
8238
8239
8242
8243
8244
8246
8246
8247
8249
8250
8251
8253
8256
8256
8257
8257
8258
8260
8261
8262
8263
8263
8265
8265
8265
8266
8267
8269
8270
8270
8270
8274
8275
8275
8275
8276
8277
8278
8279
8280
8280
8283
8284
8285
8288
8289
8289
8290
8292
8293
8294
8294
8299
8300
8300
8300
8300
8301
8301
8302
8303
8304
8304
8308
8310
8312
8313
8314
8316
8316
8316
8316
8317
8318
8320
8322
8325
8325
8325
8327
8327
8328
8328
8328
8329
8330
8330
8330
8332
8332
8332
8332
8336
8337
8337
8338
8338
8339
8340
8342
8343
8343
8344
8345
8345
8346
8349
8350
8351
8351
8352
8353
8356
8358
8358
8358
8359
8362
8362
8362
8362
8364
8364
8365
8366
8366
8366
8367
8368
8368
8369
8369
8370
8371
8372
8372
8373
8374
8375
8375
8377
8378
8379
8379
8379
8380
8380
8380
8382
8383
8384
8386
8388
8391
8393
8393
8394
8398
8398
8402
8403
8403
8404
8404
8406
8407
8407
8414
8414
8417
8417
8418
8418
8418
8421
8421
8422
8422
8422
8424
8425
8426
8426
8430
8431
8434
8434
8436
8437
8438
8439
8439
8439
8441
8441
8442
8443
8444
8444
8445
8445
8445
8446
8447
8453
8453
8453
8453
8454
8457
8457
8459
8460
8461
8464
8465
8467
8468
8469
8470
8471
8471
8472
8472
8472
8473
8473
8476
8477
8478
8478
8479
8480
8483
8486
8488
8488
8489
8489
8489
8489
8489
8490
8494
8495
8498
8500
8500
8501
8501
8502
8504
8505
8505
8505
8506
8509
8512
8515
8517
8520
8521
8524
8524
8526
8533
8533
8533
8533
8534
8535
8535
8537
8538
8540
8543
8544
8545
8546
8546
8547
8548
8548
8549
8550
8550
8552
8554
8554
8556
8557
8558
8558
8559
8559
8560
8560
8560
8562
8562
8563
8565
8565
8566
8566
8567
8571
8571
8572
8574
8574
8574
8576
8576
8577
8578
8579
8580
8581
8581
8583
8583
8584
8585
8585
8588
8589
8590
8590
8593
8595
8595
8595
8598
8598
8600
8600
8603
8605
8606
8606
8606
8608
8609
8610
8610
8611
8611
8614
8614
8614
8614
8616
8617
8617
8618
8619
8620
8620
8621
8623
8625
8627
8628
8628
8629
8629
8630
8630
8630
8632
8633
8633
8635
8636
8638
8639
8643
8643
8644
8644
8645
8646
8646
8647
8647
8648
8649
8649
8649
8652
8652
8653
8655
8656
8656
8657
8657
8657
8660
8661
8661
8661
8662
8663
8664
8665
8665
8665
8668
8669
8670
8672
8672
8673
8676
8682
8682
8683
8687
8688
8690
8691
8691
8692
8693
8693
8693
8694
8695
8695
8695
8697
8698
8701
8701
8702
8703
8704
8705
8706
8707
8708
8709
8710
8712
8712
8714
8714
8715
8719
8719
8719
8719
8720
8721
8721
8722
8722
8723
8724
8725
8729
8729
8731
8731
8731
8734
8734
8734
8735
8736
8737
8737
8738
8739
8739
8739
8743
8743
8744
8745
8746
8746
8746
8747
8749
8750
8750
8751
8752
8752
8753
8754
8755
8755
8757
8758
8759
8759
8762
8762
8763
8763
8766
8769
8771
8773
8774
8776
8777
8777
8778
8778
8779
8782
8782
8786
8786
8786
8787
8788
8789
8790
8791
8792
8794
8796
8797
8798
8799
8800
8800
8800
8800
8800
8800
8801
8802
8803
8803
8803
8803
8804
8806
8806
8807
8807
8808
8809
8810
8810
8811
8811
8813
8813
8816
8817
8818
8820
8821
8824
8825
8827
8827
8828
8832
8832
8834
8835
8842
8843
8844
8845
8846
8846
8847
8850
8851
8851
8852
8852
8852
8853
8854
8856
8859
8860
8861
8861
8861
8861
8862
8862
8863
8863
8864
8864
8865
8866
8869
8869
8870
8871
8872
8872
8873
8874
8879
8881
8882
8883
8884
8884
8885
8885
8887
8889
8889
8890
8893
8893
8895
8896
8896
8897
8898
8900
8903
8904
8904
8904
8905
8906
8909
8912
8912
8913
8915
8917
8917
8918
8919
8920
8922
8923
8924
8925
8925
8925
8927
8929
8932
8934
8934
8934
8934
8935
8935
8937
8938
8940
8941
8943
8945
8946
8946
8949
8949
8950
8951
8952
8954
8954
8955
8960
8960
8961
8961
8963
8963
8963
8965
8965
8970
8971
8972
8974
8976
8977
8978
8978
8979
8981
8982
8983
8983
8984
8986
8987
8988
8989
8990
8991
8994
8995
8995
8995
8996
8997
8999
9004
9005
9006
9008
9009
9010
9010
9012
9014
9014
9015
9015
9016
9016
9018
9022
9023
9023
9023
9023
9024
9024
9024
9024
9026
9031
9034
9035
9036
9037
9038
9039
9039
9040
9040
9041
9041
9042
9044
9044
9045
9046
9047
9048
9048
9051
9051
9053
9054
9055
9056
9056
9057
9057
9057
9059
9061
9062
9064
9065
9068
9070
9071
9072
9072
9075
9075
9076
9078
9081
9082
9082
9083
9087
9089
9090
9090
9090
9091
9092
9094
9094
9094
9095
9095
9095
9096
9101
9102
9103
9103
9104
9105
9105
9105
9107
9108
9108
9109
9113
9113
9115
9115
9117
9117
9117
9117
9118
9118
9119
9120
9121
9121
9123
9124
9124
9125
9130
9130
9130
9131
9131
9133
9134
9137
9139
9139
9141
9142
9142
9143
9144
9145
9145
9146
9146
9146
9147
9148
9153
9155
9157
9160
9161
9166
9169
9170
9171
9172
9172
9174
9175
9176
9177
9177
9178
9179
9180
9182
9184
9185
9186
9186
9186
9187
9188
9190
9191
9192
9193
9194
9194
9194
9196
9197
9198
9198
9200
9201
9201
9201
9204
9204
9204
9205
9207
9207
9207
9209
9209
9209
9210
9210
9211
9212
9212
9214
9214
9214
9216
9217
9218
9218
9221
9221
9221
9222
9222
9222
9224
9224
9225
9225
9226
9227
9229
9231
9233
9234
9235
9235
9235
9239
9241
9243
9245
9245
9245
9248
9248
9250
9252
9252
9253
9257
9258
9258
9259
9259
9260
9260
9262
9262
9262
9264
9265
9266
9267
9267
9268
9272
9273
9273
9274
9275
9280
9280
9281
9281
9282
9284
9287
9295
9295
9295
9295
9296
9300
9302
9302
9305
9305
9308
9310
9311
9314
9314
9315
9316
9317
9317
9320
9320
9322
9323
9325
9327
9328
9328
9329
9331
9333
9335
9335
9335
9335
9336
9337
9337
9337
9337
9338
9338
9340
9341
9342
9343
9343
9346
9347
9347
9349
9350
9351
9353
9355
9357
9357
9357
9357
9357
9359
9359
9361
9362
9362
9362
9363
9363
9363
9364
9366
9368
9371
9374
9374
9374
9374
9375
9378
9378
9378
9379
9379
9380
9381
9382
9382
9383
9385
9386
9388
9388
9389
9389
9389
9390
9392
9392
9392
9394
9394
9396
9397
9398
9398
9399
9399
9402
9403
9404
9406
9406
9407
9408
9408
9409
9409
9409
9409
9411
9412
9412
9415
9417
9418
9420
9420
9421
9421
9421
9423
9424
9424
9424
9425
9427
9433
9433
9434
9436
9436
9437
9437
9441
9445
9445
9445
9446
9450
9452
9452
9454
9455
9455
9457
9457
9459
9463
9464
9465
9468
9468
9469
9469
9470
9470
9472
9472
9476
9476
9478
9481
9482
9485
9486
9487
9487
9488
9489
9492
9492
9494
9495
9495
9496
9496
9497
9499
9500
9500
9501
9502
9502
9503
9504
9504
9504
9504
9507
9508
9509
9510
9511
9514
9516
9517
9517
9519
9521
9522
9522
9522
9522
9523
9523
9523
9525
9525
9525
9526
9526
9527
9529
9533
9534
9540
9540
9541
9541
9541
9542
9544
9544
9545
9546
9547
9548
9549
9549
9549
9549
9552
9552
9553
9554
9555
9555
9558
9558
9559
9560
9561
9561
9562
9563
9565
9565
9567
9567
9570
9570
9573
9573
9573
9575
9577
9577
9579
9580
9581
9581
9582
9584
9585
9587
9590
9590
9591
9593
9593
9594
9594
9594
9596
9598
9599
9599
9599
9600
9601
9602
9602
9603
9604
9604
9605
9606
9606
9607
9608
9609
9612
9612
9613
9613
9614
9614
9614
9616
9619
9620
9622
9622
9626
9626
9627
9627
9630
9632
9633
9634
9634
9636
9637
9638
9638
9639
9641
9641
9647
9647
9648
9649
9650
9650
9652
9652
9654
9655
9656
9656
9656
9657
9658
9658
9659
9659
9660
9660
9662
9664
9665
9666
9668
9668
9668
9668
9669
9669
9670
9671
9672
9673
9676
9676
9676
9679
9680
9681
9681
9682
9682
9683
9683
9683
9684
9685
9685
9685
9685
9687
9689
9689
9690
9691
9691
9691
9695
9695
9697
9699
9700
9701
9705
9705
9706
9706
9707
9708
9709
9709
9710
9712
9712
9713
9716
9719
9719
9719
9720
9720
9722
9722
9725
9725
9727
9727
9728
9728
9729
9729
9729
9730
9730
9732
9733
9733
9734
9735
9736
9738
9738
9740
9741
9743
9744
9744
9744
9746
9747
9748
9749
9749
9751
9752
9754
9754
9756
9756
9759
9761
9762
9764
9764
9764
9764
9766
9767
9768
9769
9770
9771
9772
9773
9776
9777
9779
9779
9780
9780
9780
9781
9781
9781
9783
9783
9784
9784
9785
9786
9786
9787
9787
9787
9787
9788
9789
9789
9789
9789
9793
9795
9797
9798
9799
9799
9799
9799
9803
9803
9803
9804
9805
9807
9807
9808
9810
9811
9813
9814
9818
9818
9818
9819
9819
9820
9820
9821
9821
9825
9825
9827
9828
9830
9832
9837
9837
9838
9839
9839
9842
9843
9846
9848
9848
9849
9849
9850
9850
9851
9851
9852
9852
9853
9854
9854
9855
9855
9856
9858
9859
9860
9861
9862
9862
9866
9866
9866
9867
9869
9872
9874
9874
9877
9878
9879
9880
9882
9882
9882
9883
9883
9885
9885
9886
9887
9890
9890
9893
9893
9894
9894
9896
9896
9897
9898
9898
9899
9900
9901
9903
9903
9906
9910
9911
9912
9912
9913
9913
9917
9922
9922
9923
9923
9923
9924
9924
9924
9925
9927
9929
9929
9931
9932
9934
9935
9935
9936
9936
9937
9937
9938
9938
9940
9941
9941
9941
9942
9943
9944
9945
9945
9945
9945
9948
9948
9949
9950
9950
9951
9951
9952
9954
9954
9955
9956
9957
9959
9960
9960
9962
9962
9962
9963
9963
9968
9969
9971
9973
9973
9973
9974
9975
9975
9975
9976
9977
9977
9978
9978
9979
9981
9982
9985
9985
9985
9985
9989
9990
9990
9993
9993
9993
9994
9996
9997
10000
