1
6
10
11
12
13
14
14
15
15
18
18
19
19
19
22
27
29
31
37
38
43
48
48
50
52
54
62
65
68
69
70
73
81
81
83
85
85
86
86
89
90
91
93
95
97
97
98
99
111
111
116
120
120
120
122
123
125
127
127
128
129
130
130
135
136
137
145
148
148
149
152
152
154
155
159
159
163
164
174
176
176
177
180
193
197
197
202
202
210
210
211
214
217
217
219
223
223
224
232
234
235
235
237
237
239
240
240
241
242
243
245
249
250
252
258
261
261
265
267
270
272
276
276
278
286
296
298
298
303
307
311
314
316
316
319
321
323
329
330
332
332
335
336
338
341
341
341
344
349
351
352
352
355
357
359
363
363
366
368
371
379
392
405
407
408
409
410
410
420
425
427
435
440
442
443
447
447
447
449
451
456
462
465
466
471
473
474
477
478
479
482
485
486
487
488
492
493
496
496
499
501
501
508
509
509
510
514
515
518
520
524
524
532
532
537
538
548
549
550
550
555
555
566
566
568
571
572
573
577
578
578
582
583
585
585
588
590
591
592
596
598
599
602
603
605
609
615
616
619
621
622
623
625
630
631
635
635
636
641
642
646
649
655
660
661
664
673
675
677
677
679
683
686
687
689
691
693
694
696
699
702
702
704
704
704
711
712
716
718
718
719
719
720
720
721
727
737
739
740
740
741
747
750
753
754
754
758
760
760
761
765
766
767
771
773
775
782
783
787
793
795
801
801
805
806
808
808
810
811
812
812
815
817
818
819
821
825
831
831
831
833
839
851
854
855
856
856
870
871
875
876
877
881
881
885
889
889
893
898
899
900
901
903
904
904
904
905
907
911
917
920
922
927
929
930
930
931
936
944
947
950
950
951
953
953
964
966
967
968
969
971
976
977
977
982
984
987
993
994
994
995
995
998
999
1001
1002
1002
1003
1005
1006
1007
1008
1008
1009
1010
1011
1013
1013
1015
1019
1019
1021
1022
1026
1029
1032
1033
1038
1041
1042
1043
1045
1051
1052
1054
1060
1062
1066
1067
1077
1087
1087
1089
1090
1091
1095
1095
1097
1100
1103
1104
1105
1107
1113
1116
1118
1119
1121
1121
1125
1131
1134
1139
1140
1141
1142
1146
1148
1148
1150
1163
1165
1170
1173
1174
1175
1176
1176
1181
1183
1183
1186
1187
1188
1196
1197
1199
1200
1201
1210
1215
1216
1218
1221
1223
1226
1227
1227
1228
1230
1231
1231
1231
1233
1237
1238
1239
1240
1243
1243
1245
1245
1246
1247
1252
1254
1254
1256
1258
1259
1263
1267
1274
1274
1274
1276
1278
1279
1281
1285
1286
1288
1295
1298
1298
1299
1300
1306
1310
1314
1318
1323
1326
1327
1336
1340
1341
1342
1345
1354
1354
1359
1362
1369
1373
1375
1380
1382
1385
1386
1387
1389
1390
1392
1394
1400
1402
1402
1411
1411
1412
1415
1415
1418
1421
1422
1428
1432
1435
1435
1440
1441
1443
1443
1450
1463
1465
1466
1466
1473
1475
1476
1478
1481
1481
1483
1483
1483
1487
1488
1490
1491
1491
1492
1493
1493
1496
1497
1498
1500
1502
1503
1503
1505
1508
1511
1515
1516
1516
1517
1524
1524
1527
1528
1529
1531
1532
1535
1537
1538
1538
1540
1546
1551
1552
1553
1554
1560
1561
1563
1566
1571
1576
1579
1579
1580
1580
1581
1581
1590
1592
1594
1596
1597
1597
1600
1604
1604
1609
1616
1616
1618
1618
1621
1621
1622
1627
1627
1628
1635
1635
1636
1642
1643
1643
1644
1647
1648
1652
1656
1658
1658
1664
1664
1670
1670
1671
1672
1676
1677
1680
1684
1685
1685
1693
1698
1701
1708
1709
1712
1715
1716
1718
1721
1729
1732
1738
1742
1742
1742
1748
1750
1755
1758
1759
1762
1764
1764
1765
1765
1770
1771
1773
1774
1775
1778
1778
1784
1788
1794
1794
1794
1797
1797
1797
1800
1800
1802
1803
1805
1809
1810
1810
1811
1811
1811
1815
1818
1820
1822
1827
1833
1835
1837
1842
1842
1843
1844
1847
1848
1849
1855
1860
1861
1862
1862
1865
1868
1871
1872
1872
1875
1877
1878
1879
1882
1884
1887
1889
1890
1892
1892
1896
1904
1905
1907
1907
1909
1912
1914
1918
1923
1925
1926
1926
1929
1938
1940
1941
1943
1948
1949
1952
1953
1955
1956
1956
1961
1961
1965
1965
1972
1975
1978
1978
1980
1984
1985
1988
1992
1994
1994
1996
1998
1998
2001
2001
2006
2009
2009
2011
2014
2015
2015
2016
2024
2025
2026
2027
2029
2032
2032
2033
2035
2039
2049
2049
2056
2060
2060
2060
2061
2062
2065
2066
2072
2073
2079
2080
2082
2084
2085
2087
2088
2092
2094
2101
2102
2102
2104
2105
2106
2106
2110
2111
2112
2118
2124
2125
2130
2131
2144
2144
2145
2147
2150
2151
2152
2152
2152
2154
2155
2156
2156
2161
2165
2166
2168
2169
2169
2170
2177
2177
2177
2178
2181
2183
2183
2183
2187
2191
2196
2197
2199
2201
2202
2204
2209
2217
2219
2220
2222
2225
2225
2227
2227
2229
2231
2239
2242
2244
2244
2249
2251
2253
2253
2253
2254
2264
2266
2268
2269
2277
2281
2281
2282
2283
2285
2287
2288
2294
2297
2299
2305
2306
2311
2314
2317
2319
2321
2321
2323
2325
2330
2333
2333
2334
2336
2336
2338
2340
2341
2341
2342
2349
2351
2352
2352
2354
2355
2361
2363
2364
2369
2371
2373
2374
2381
2382
2382
2383
2384
2386
2387
2389
2391
2395
2397
2397
2398
2399
2401
2404
2404
2407
2407
2409
2411
2412
2415
2417
2419
2420
2422
2424
2424
2429
2430
2431
2433
2436
2437
2437
2439
2441
2443
2443
2444
2447
2449
2451
2453
2454
2455
2460
2463
2464
2465
2465
2466
2467
2468
2475
2477
2480
2480
2483
2488
2491
2496
2497
2501
2504
2505
2506
2508
2512
2514
2514
2515
2515
2516
2516
2522
2524
2525
2525
2528
2529
2529
2532
2532
2532
2561
2563
2566
2569
2572
2574
2577
2581
2583
2588
2589
2597
2604
2604
2605
2609
2612
2613
2616
2617
2618
2618
2618
2619
2626
2629
2631
2632
2633
2634
2635
2637
2640
2641
2642
2642
2644
2647
2647
2648
2650
2650
2651
2654
2659
2663
2666
2667
2669
2669
2674
2674
2676
2677
2683
2688
2689
2691
2692
2694
2696
2698
2698
2703
2704
2704
2712
2713
2714
2716
2717
2718
2721
2725
2726
2727
2728
2730
2734
2734
2735
2736
2742
2742
2747
2753
2754
2756
2761
2765
2767
2767
2769
2769
2769
2770
2773
2773
2777
2778
2781
2788
2789
2790
2790
2792
2801
2801
2805
2814
2815
2821
2824
2829
2829
2832
2832
2832
2833
2839
2841
2845
2848
2848
2854
2855
2856
2857
2864
2866
2867
2867
2869
2870
2871
2871
2872
2874
2879
2880
2884
2889
2891
2891
2891
2894
2895
2898
2902
2904
2904
2905
2908
2909
2915
2921
2925
2926
2927
2927
2929
2929
2931
2937
2938
2939
2942
2944
2946
2946
2948
2949
2952
2956
2957
2959
2960
2962
2962
2963
2965
2965
2971
2972
2975
2976
2976
2976
2980
2981
2983
2986
2991
2992
2994
2994
2998
3003
3009
3017
3017
3020
3031
3036
3039
3044
3045
3045
3047
3047
3048
3053
3055
3055
3062
3071
3072
3074
3081
3084
3087
3088
3089
3094
3094
3105
3106
3106
3110
3111
3111
3115
3116
3119
3120
3121
3121
3123
3124
3126
3127
3131
3136
3137
3142
3143
3146
3150
3150
3152
3153
3153
3154
3156
3158
3158
3169
3170
3172
3174
3178
3179
3184
3189
3190
3192
3192
3194
3195
3196
3196
3198
3198
3200
3205
3208
3208
3208
3209
3217
3224
3228
3234
3237
3238
3238
3240
3252
3252
3254
3256
3257
3257
3258
3260
3261
3261
3262
3266
3267
3272
3273
3273
3278
3284
3285
3286
3287
3293
3298
3300
3301
3302
3302
3303
3304
3308
3309
3310
3311
3317
3320
3320
3322
3327
3329
3331
3332
3339
3341
3341
3341
3341
3346
3346
3354
3355
3362
3362
3363
3364
3374
3386
3394
3397
3398
3402
3406
3407
3407
3408
3409
3411
3415
3415
3416
3417
3421
3426
3435
3444
3446
3447
3448
3454
3458
3458
3461
3463
3464
3469
3471
3478
3481
3482
3487
3491
3499
3500
3506
3513
3513
3514
3515
3516
3519
3523
3524
3526
3526
3527
3529
3530
3530
3537
3539
3542
3545
3551
3556
3564
3565
3567
3567
3569
3570
3573
3574
3577
3578
3583
3585
3585
3586
3590
3595
3597
3599
3601
3607
3608
3610
3611
3615
3616
3616
3618
3619
3621
3625
3627
3629
3630
3632
3633
3634
3634
3642
3646
3648
3651
3655
3655
3657
3657
3658
3660
3665
3667
3683
3683
3683
3684
3685
3689
3690
3698
3702
3706
3707
3710
3716
3717
3717
3718
3719
3722
3725
3727
3732
3735
3736
3739
3744
3750
3752
3753
3754
3758
3759
3760
3760
3762
3766
3767
3771
3775
3777
3777
3781
3784
3784
3787
3788
3788
3790
3795
3801
3802
3802
3802
3806
3808
3814
3814
3816
3818
3818
3819
3822
3822
3825
3826
3828
3828
3829
3830
3832
3835
3836
3839
3844
3844
3854
3854
3854
3862
3867
3867
3867
3870
3874
3876
3880
3889
3889
3889
3890
3891
3891
3900
3906
3911
3911
3912
3915
3920
3926
3927
3929
3930
3931
3932
3936
3936
3939
3946
3946
3947
3951
3952
3956
3956
3963
3964
3970
3970
3971
3977
3980
3981
3982
3992
3995
4004
4005
4008
4014
4015
4017
4020
4020
4022
4023
4023
4037
4038
4039
4039
4039
4040
4040
4045
4048
4048
4050
4051
4051
4053
4054
4056
4060
4061
4063
4068
4077
4078
4081
4082
4092
4093
4094
4094
4095
4100
4101
4103
4103
4109
4113
4120
4123
4129
4135
4135
4140
4143
4146
4148
4154
4156
4165
4169
4170
4175
4181
4184
4185
4188
4190
4191
4194
4194
4195
4197
4197
4199
4199
4201
4204
4206
4208
4209
4213
4213
4217
4220
4221
4223
4226
4228
4228
4228
4229
4240
4242
4242
4247
4247
4248
4250
4255
4255
4258
4267
4269
4276
4279
4280
4280
4283
4287
4288
4288
4290
4293
4297
4300
4301
4301
4301
4303
4304
4307
4308
4312
4321
4326
4327
4329
4332
4333
4334
4335
4341
4342
4344
4360
4364
4368
4373
4381
4382
4383
4386
4388
4393
4393
4401
4402
4403
4405
4412
4421
4423
4424
4424
4433
4445
4446
4447
4448
4451
4455
4456
4459
4462
4464
4466
4472
4472
4475
4478
4479
4489
4492
4502
4504
4507
4508
4510
4511
4513
4514
4520
4521
4522
4522
4526
4528
4530
4536
4537
4537
4538
4545
4549
4550
4552
4552
4555
4558
4558
4561
4568
4570
4572
4575
4577
4580
4583
4587
4588
4598
4605
4608
4608
4610
4614
4615
4615
4615
4616
4621
4622
4624
4625
4627
4628
4635
4636
4639
4641
4656
4661
4662
4662
4670
4670
4672
4677
4682
4682
4686
4689
4692
4693
4700
4704
4705
4706
4707
4709
4709
4715
4720
4721
4731
4731
4736
4742
4743
4748
4748
4749
4752
4755
4755
4757
4759
4767
4768
4771
4776
4780
4783
4786
4789
4793
4795
4796
4797
4797
4797
4798
4801
4803
4808
4809
4810
4811
4812
4817
4822
4822
4825
4828
4828
4828
4832
4835
4835
4837
4837
4840
4841
4848
4849
4849
4850
4850
4850
4851
4851
4851
4853
4866
4868
4875
4877
4892
4895
4897
4903
4909
4911
4911
4912
4917
4925
4925
4925
4927
4928
4930
4932
4936
4936
4937
4937
4943
4950
4952
4952
4955
4960
4967
4968
4969
4973
4983
4984
4986
4988
4988
4998
